9 3  0 0
0 0 248 253 58 254 57 205 87 255 171 172 188 9 63 223 1 49 204 251 221 74 74 47 250 191 243 217 5 59 114 179 198 59  0
0 0 11 255 230 159 255 179 190 255 63 255 223 183 232 238 190 228 127 255 255 149 182 255 239 255 62 126 223 199 183 220 189 223  0
0 0 53 101 73 237 244 11 111 248 84 160 251 202 83 97 153 112 88 204 22 238 201 178 77 30 252 174 165 20 125 187 82 160  0
0 0 63 95 99 207 244 55 239 248 85 202 255 230 91 109 191 228 126 232 23 239 237 178 109 254 118 255 163 132 63 255 112 245  0
0 0 216 172 150 190 139 232 20 175 190 183 130 17 238 247 64 91 163 119 233 16 58 77 155 243 217 243 95 91 128 64 167 10  0
0 0 34 136 22 216 93 237 176 103 159 21 232 17 174 154 38 192 201 59 235 17 18 171 82 247 157 182 26 91 208 8 173 138  0
0 0 120 220 254 254 87 254 127 246 253 71 254 18 127 255 37 112 255 255 191 194 106 187 50 239 251 255 86 3 243 221 228 250  0
0 0 77 49 159 230 185 44 123 25 235 249 175 76 254 247 73 114 151 119 124 28 147 67 218 65 219 253 39 254 202 227 3 51  0
0 0 169 156 121 101 244 47 111 63 117 234 126 88 243 49 144 48 31 254 86 40 185 188 113 14 239 239 37 192 226 232 194 169  0
1 0 249 77 171 252 221 212 71 79 215 192 228 26 51 189 115 113 200 234 25 220 122 107 242 154 251 249 148 57 241 56 244 106  0
1 0 186 244 93 241 43 79 92 254 191 186 176 92 159 31 77 187 159 213 223 224 233 86 81 149 155 219 125 182 9 16 3 187  0
1 0 248 252 30 254 185 205 86 247 191 146 228 24 190 255 0 81 133 251 253 64 106 111 82 255 251 251 85 58 82 80 199 26  0
1 0 188 93 58 250 125 223 87 216 223 200 252 8 255 223 33 48 220 249 215 122 203 163 122 191 251 223 37 59 211 187 102 179  0
1 0 248 253 58 254 57 205 87 255 171 172 188 9 63 223 1 49 204 251 221 74 74 47 250 191 243 217 5 59 114 179 198 59  0
1 0 224 248 61 254 109 205 117 254 251 27 176 24 190 251 5 59 139 243 126 74 106 111 250 245 215 218 80 58 80 25 67 171  0
1 0 252 120 212 114 45 93 84 216 147 190 181 29 75 217 73 155 140 213 237 82 108 103 218 160 211 219 85 63 235 189 78 19  0
1 0 76 252 184 122 185 237 86 254 191 59 188 8 190 255 65 16 133 123 253 82 170 105 218 255 251 223 53 122 194 83 131 11  0
1 0 120 189 50 250 153 237 86 239 191 129 172 8 174 255 101 16 233 251 223 80 58 43 218 255 251 221 7 123 210 82 167 26  0
10 1 249 77 171 252 221 212 71 79 215 192 228 26 51 189 115 113 200 234 25 220 122 107 242 154 251 249 148 57 241 56 244 106  6.90776
11 1 186 244 93 241 43 79 92 254 191 186 176 92 159 31 77 187 159 213 223 224 233 86 81 149 155 219 125 182 9 16 3 187  6.21461
12 1 248 252 30 254 185 205 86 247 191 146 228 24 190 255 0 81 133 251 253 64 106 111 82 255 251 251 85 58 82 80 199 26  6.90776
12 1 249 252 59 112 81 205 87 119 121 226 228 24 62 151 0 49 184 185 85 106 105 255 176 127 243 217 20 48 96 16 230 58  0
12 1 216 252 30 254 185 205 84 231 191 18 228 24 190 255 32 81 133 123 251 0 106 111 82 255 251 255 87 59 18 80 135 10  0
13 1 188 93 58 250 125 223 87 216 223 200 252 8 255 223 33 48 220 249 215 122 203 163 122 191 251 223 37 59 211 187 102 179  6.90776
13 1 188 89 113 108 125 85 82 88 69 8 245 104 59 157 33 180 216 184 134 106 203 38 112 188 211 217 32 59 115 171 102 179  6.90776
13 1 60 124 186 250 125 223 87 216 223 202 252 10 255 223 35 48 221 249 247 90 203 163 122 191 251 223 39 123 211 59 231 243  6.90776
14 1 121 237 14 166 136 12 94 191 160 236 188 141 127 103 2 19 4 247 237 238 76 75 152 44 251 233 229 185 40 242 138 90  6.90776
14 1 248 121 50 254 105 205 87 81 171 8 181 8 191 223 37 19 140 177 221 66 202 47 218 189 243 217 1 58 82 186 66 27  6.90776
14 1 56 185 122 250 125 221 83 242 131 76 188 9 63 223 35 48 236 179 215 66 74 43 58 189 243 221 0 59 114 143 102 251  5.80914
14 1 248 253 58 254 57 205 87 255 171 172 188 9 63 223 1 49 204 251 221 74 74 47 250 191 243 217 5 59 114 179 198 59  5.29832
14 1 248 249 50 254 41 205 87 240 171 56 180 8 190 223 65 16 132 251 221 66 74 107 218 253 243 217 3 58 82 19 67 11  5.80914
14 1 105 216 192 71 9 152 86 182 227 167 174 8 235 241 66 246 1 230 236 74 76 45 255 163 191 253 69 123 234 118 218 14  6.90776
14 1 120 159 94 102 186 14 95 191 161 172 190 141 119 103 3 18 54 246 205 102 88 11 217 47 243 231 37 145 105 242 206 27  5.80914
14 1 116 125 124 102 168 73 87 252 225 174 188 40 115 117 201 19 8 214 108 106 72 99 232 42 251 201 101 61 97 251 198 43  6.90776
14 1 253 107 5 166 169 92 92 252 161 248 184 105 127 255 195 147 162 199 253 230 77 67 202 40 178 233 109 185 32 118 138 91  0
15 1 224 248 61 254 109 205 117 254 251 27 176 24 190 251 5 59 139 243 126 74 106 111 250 245 215 218 80 58 80 25 67 171  6.90776
15 1 228 233 29 250 232 137 100 237 250 59 177 120 246 211 76 27 139 211 110 74 98 103 202 113 180 154 117 60 80 18 195 43  6.90776
15 1 224 216 61 126 109 237 89 254 251 26 176 24 190 251 5 59 137 243 127 74 42 111 250 245 215 218 80 58 80 89 70 139  6.90776
15 1 226 188 62 126 109 141 86 242 251 26 180 24 190 223 4 55 143 243 94 66 106 111 250 255 211 219 80 58 82 137 66 43  6.90776
16 1 252 120 212 114 45 93 84 216 147 190 181 29 75 217 73 155 140 213 237 82 108 103 218 160 211 219 85 63 235 189 78 19  6.90776
16 1 252 107 252 118 44 89 85 216 211 190 180 40 83 217 75 27 8 212 236 74 72 103 202 32 211 201 101 61 99 185 78 35  6.90776
16 1 252 120 221 118 45 93 84 220 179 254 180 29 27 221 65 155 142 245 237 74 104 103 218 32 211 203 117 61 107 185 74 83  6.21461
16 1 254 164 176 242 253 253 80 202 91 187 181 25 74 249 77 187 201 154 255 16 62 103 218 146 219 223 209 127 210 77 94 2  0
16 1 252 122 212 114 41 29 84 216 147 182 177 125 79 217 73 155 140 213 236 82 108 103 218 160 211 211 85 63 234 189 78 19  6.90776
17 1 200 188 144 250 185 237 118 190 187 59 188 24 190 255 64 90 133 127 253 82 34 109 218 243 255 255 55 122 194 81 131 11  0
17 1 76 189 148 242 189 173 118 251 191 170 189 8 255 251 65 16 149 123 238 18 50 105 219 255 255 223 37 122 210 219 195 11  6.90776
17 1 216 253 188 126 185 205 86 254 191 57 252 8 190 255 1 80 133 251 253 82 234 107 218 255 251 255 53 58 210 81 135 11  6.90776
17 1 92 252 184 126 185 205 86 254 255 57 252 8 190 255 65 16 133 251 253 82 234 107 218 255 251 223 53 122 194 83 131 27  6.21461
17 1 76 252 184 122 185 237 86 254 191 59 188 8 190 255 65 16 133 123 253 82 170 105 218 255 251 223 53 122 194 83 131 11  6.90776
18 1 218 249 58 168 179 196 31 231 169 69 168 173 174 159 98 80 166 187 221 209 94 11 144 247 251 245 14 251 18 6 175 91  6.90776
18 1 104 173 0 122 221 189 70 239 215 1 172 8 162 248 116 148 217 234 202 8 30 43 90 191 43 223 149 123 210 94 218 142  0
18 1 120 253 50 254 153 237 86 103 191 129 172 9 174 255 37 16 200 187 207 16 42 43 90 255 251 213 7 59 210 82 167 26  6.90776
18 1 124 189 50 250 153 237 82 238 191 144 172 8 110 255 101 16 169 251 223 80 42 107 218 255 187 221 7 123 210 82 39 26  6.90776
18 1 120 189 50 250 153 237 86 239 191 129 172 8 174 255 101 16 233 251 223 80 58 43 218 255 251 221 7 123 210 82 167 26  6.90776
18 1 126 189 50 250 155 237 82 238 191 144 172 8 238 255 101 16 185 251 255 80 26 107 154 255 251 213 15 123 210 83 39 26  6.90776
2 0 134 231 134 159 251 171 190 239 190 182 219 183 236 230 42 64 255 255 255 230 96 223 203 255 188 54 207 135 20 127 173 211  0
2 0 171 127 247 223 253 191 190 119 223 234 254 246 236 252 182 229 223 127 255 15 245 255 255 255 55 62 95 179 215 252 233 253  0
2 0 11 255 230 159 255 187 190 255 127 255 223 247 232 238 254 228 127 255 255 149 183 255 239 255 62 126 223 239 255 220 253 223  0
2 0 95 243 239 243 230 114 188 191 44 251 94 247 217 47 222 238 127 71 191 157 151 248 173 224 110 111 254 196 175 214 249 253  0
2 0 199 103 230 156 252 51 190 238 223 226 218 191 236 252 183 231 255 239 255 247 228 247 143 254 62 62 207 190 157 125 185 149  0
2 0 195 217 231 223 45 182 188 246 253 91 246 247 232 158 183 230 238 247 255 197 231 239 119 255 54 122 222 130 95 28 233 221  0
2 0 26 158 246 223 219 242 56 255 63 245 94 183 108 254 174 236 247 255 191 149 182 217 63 255 95 127 127 199 183 132 173 223  0
2 0 190 188 231 223 237 247 209 255 119 255 247 63 107 252 190 189 253 254 247 149 189 255 255 191 91 251 245 247 231 237 254 223  0
2 0 30 159 246 155 255 243 251 255 23 93 223 183 109 254 238 100 127 251 191 213 190 219 111 247 126 95 191 239 183 223 189 215  0
56 1 130 227 134 157 249 43 190 239 62 180 218 151 236 230 34 64 255 255 255 228 32 223 219 223 188 54 207 135 20 111 165 211  6.90776
56 1 86 247 166 159 251 119 190 232 191 254 219 231 76 238 123 203 255 255 239 243 252 195 139 219 189 22 207 223 132 119 173 215  6.21461
56 1 130 243 134 159 123 139 190 237 190 188 218 167 236 230 42 64 255 253 255 230 96 215 203 255 188 54 207 135 4 54 37 211  6.90776
56 1 133 239 142 159 220 131 174 233 182 178 219 231 240 226 184 65 123 111 106 231 96 219 207 127 60 38 239 140 28 122 185 128  6.90776
56 1 134 231 134 159 251 171 190 239 190 182 219 183 236 230 42 64 255 255 255 230 96 223 203 255 188 54 207 135 20 127 173 211  6.90776
56 1 131 53 230 159 254 171 190 79 191 244 219 183 236 248 50 64 255 239 255 151 214 255 207 255 188 50 223 135 29 95 185 223  6.90776
56 1 134 237 198 159 219 171 190 238 63 166 203 147 236 234 40 64 251 255 123 166 112 223 203 255 189 54 223 7 133 127 173 130  6.21461
56 1 130 229 134 159 251 171 190 239 62 178 203 147 236 230 32 64 255 255 251 230 96 223 203 255 188 54 207 7 20 127 169 138  6.90776
57 1 171 127 247 223 253 191 190 119 223 234 254 246 236 252 182 229 223 127 255 15 245 255 255 255 55 62 95 179 215 252 233 253  6.90776
57 1 163 109 246 223 253 187 190 103 223 162 234 146 236 248 52 101 219 127 123 7 116 251 207 255 38 62 95 51 215 252 233 140  6.90776
58 1 43 106 225 151 236 187 233 222 126 247 115 247 201 168 222 142 127 78 119 29 151 254 239 242 12 30 255 236 205 221 219 244  5.80914
58 1 11 255 230 159 255 187 190 255 127 255 223 247 232 238 254 228 127 255 255 149 183 255 239 255 62 126 223 239 255 220 253 223  6.21461
58 1 7 191 246 159 222 155 190 233 254 241 219 230 232 236 255 227 127 255 254 229 167 251 239 253 60 46 207 143 221 110 41 213  6.90776
58 1 114 227 104 14 95 145 154 236 207 69 252 175 40 200 126 148 250 233 195 197 198 43 174 253 58 28 133 187 87 30 254 206  6.90776
58 1 2 166 193 157 214 227 168 75 30 241 91 243 233 236 242 168 127 91 179 149 183 250 207 211 12 6 255 237 149 236 29 157  6.90776
58 1 11 162 192 185 214 179 169 95 22 245 85 247 201 236 210 172 127 223 179 157 151 220 239 211 12 71 191 229 183 205 189 212  6.90776
58 1 131 237 230 159 254 187 190 238 255 243 251 146 232 232 182 224 127 239 254 227 246 255 207 255 188 58 223 12 85 127 185 132  0
58 1 35 254 98 159 254 147 190 239 95 195 216 231 168 236 247 164 127 235 151 213 231 255 78 255 62 30 159 171 223 220 249 157  6.21461
58 1 131 183 247 221 126 251 184 239 254 241 251 242 232 252 254 225 255 255 238 177 167 255 239 223 28 62 223 175 221 111 233 205  6.21461
59 1 15 135 229 199 226 54 173 159 120 255 95 214 89 46 158 239 127 71 55 189 181 208 45 192 14 111 254 196 175 244 241 245  6.90776
59 1 94 243 244 225 175 90 180 159 11 249 190 243 13 61 204 74 239 87 255 208 210 249 201 224 126 247 119 215 167 220 245 91  6.90776
59 1 75 147 238 193 166 18 252 151 44 251 94 247 89 63 210 238 39 71 191 156 149 216 133 224 110 111 254 197 175 212 185 91  6.90776
59 1 187 54 10 161 182 182 184 82 12 141 210 247 129 8 246 136 239 11 159 149 190 152 69 134 140 65 186 198 141 13 57 149  6.90776
59 1 59 23 230 165 230 50 252 95 33 215 126 247 73 46 190 95 127 199 183 181 189 249 5 192 118 255 246 198 239 244 248 215  6.90776
59 1 175 235 224 155 236 187 237 220 94 247 93 247 137 204 219 174 123 78 255 223 151 246 239 240 78 105 191 229 175 223 251 252  6.90776
59 1 95 243 239 243 230 114 188 191 44 251 94 247 217 47 222 238 127 71 191 157 151 248 173 224 110 111 254 196 175 214 249 253  5.52146
59 1 95 179 147 161 179 58 60 31 43 243 11 253 205 46 200 250 183 151 253 181 149 217 165 192 156 116 127 214 174 196 135 85  0
59 1 95 211 230 195 230 16 252 182 37 121 222 247 73 43 222 234 103 199 191 220 215 216 141 224 110 111 254 197 175 215 248 221  6.21461
60 1 199 103 230 156 252 51 190 238 223 226 218 191 236 252 183 231 255 239 255 247 228 247 143 254 62 62 207 190 157 125 185 149  6.21461
60 1 175 111 98 144 254 147 174 246 95 232 88 239 40 236 247 164 127 235 151 223 229 190 12 254 62 30 175 234 223 189 121 157  6.90776
60 1 215 119 166 140 253 55 190 239 63 238 218 255 76 254 183 199 253 205 255 247 237 215 187 206 190 54 207 143 141 127 185 215  6.90776
60 1 195 109 246 158 253 178 190 239 223 162 202 147 236 248 53 227 219 239 123 7 116 255 223 254 62 62 223 51 149 125 177 140  6.90776
60 1 199 119 166 156 252 55 190 238 191 230 218 191 204 254 183 99 255 237 255 247 228 199 175 206 184 54 207 158 132 127 185 215  6.90776
61 1 67 88 133 157 36 54 168 54 172 91 210 230 248 42 151 238 196 103 124 141 165 220 119 239 132 62 250 130 14 52 57 93  6.90776
61 1 203 217 118 255 47 214 252 53 189 90 150 183 236 31 182 231 230 181 191 231 229 205 51 253 183 251 222 147 30 156 237 127  6.90776
61 1 147 73 71 92 23 210 174 230 212 64 242 226 41 142 181 229 238 243 154 193 231 175 38 255 32 122 142 130 93 28 169 156  6.90776
61 1 195 217 231 223 45 182 188 246 253 91 246 247 232 158 183 230 238 247 255 197 231 239 119 255 54 122 222 130 95 28 233 221  6.90776
61 1 103 250 240 218 237 189 252 220 235 219 181 127 172 216 255 190 239 235 223 87 214 103 238 241 30 88 247 190 223 93 203 213  6.90776
62 1 90 156 229 223 139 118 88 191 151 255 158 183 104 126 22 111 237 247 253 145 188 201 251 245 219 127 223 211 175 100 188 95  6.90776
62 1 26 22 194 132 114 18 186 115 57 228 95 231 76 174 166 196 54 253 151 165 164 154 4 206 54 38 58 131 39 166 47 221  6.90776
62 1 30 221 252 247 197 52 252 183 51 119 126 19 105 63 94 47 165 215 177 145 54 248 59 225 111 255 223 71 163 85 229 254  0
62 1 27 158 118 94 179 246 56 255 191 221 94 183 108 254 174 117 247 127 191 180 182 217 63 255 123 127 127 195 183 132 165 95  6.90776
62 1 27 146 118 155 219 243 57 255 63 117 70 183 109 246 170 236 119 59 187 148 183 217 63 255 94 103 91 199 182 132 173 223  6.90776
62 1 27 182 230 155 155 243 57 223 23 213 215 183 105 238 250 236 119 191 191 149 183 218 111 255 94 103 191 199 191 140 173 213  6.90776
62 1 10 148 158 155 251 243 57 239 62 85 78 183 108 247 170 196 119 59 171 148 51 217 59 255 92 7 127 199 154 4 173 219  6.90776
62 1 26 158 246 223 219 242 56 255 63 245 94 183 108 254 174 236 247 255 191 149 182 217 63 255 95 127 127 199 183 132 173 223  6.90776
62 1 26 156 246 127 187 242 58 239 191 221 95 179 108 254 174 116 247 127 191 181 180 217 47 255 59 127 95 199 183 132 165 95  6.90776
63 1 190 184 167 126 233 247 209 223 115 255 247 63 106 252 142 61 221 254 245 145 189 255 251 191 91 251 245 247 227 205 246 215  6.90776
63 1 186 184 238 151 205 247 209 127 87 255 87 191 105 252 178 173 93 238 183 149 189 254 127 191 91 99 253 231 175 108 254 223  6.90776
63 1 186 188 167 247 237 247 209 223 87 255 215 55 106 252 182 47 253 255 183 145 189 254 123 183 91 123 245 243 239 204 252 223  6.90776
63 1 191 184 231 95 233 255 245 223 87 255 245 63 106 252 158 63 237 255 247 21 191 254 251 181 95 123 213 231 247 221 246 247  6.90776
63 1 250 188 230 22 219 127 209 254 115 239 247 31 107 108 14 189 57 238 229 160 188 255 253 191 91 231 85 211 227 237 254 223  6.90776
63 1 190 188 231 223 237 247 209 255 119 255 247 63 107 252 190 189 253 254 247 149 189 255 255 191 91 251 245 247 231 237 254 223  6.90776
64 1 58 141 114 186 247 241 250 231 31 21 252 179 45 238 110 196 239 187 151 145 30 59 14 247 250 213 154 235 247 76 255 207  6.90776
64 1 55 221 250 187 250 241 127 254 23 95 253 183 125 255 171 116 127 251 183 214 254 187 111 255 127 223 191 239 183 223 165 223  6.90776
64 1 158 223 122 187 255 241 191 252 31 95 253 183 237 254 234 196 127 251 135 210 183 146 127 247 254 215 175 239 191 95 173 215  6.90776
64 1 55 186 229 219 158 179 250 222 23 249 219 247 65 206 255 108 127 223 191 213 158 218 111 247 94 78 159 231 183 223 180 215  6.90776
64 1 26 155 118 155 219 243 59 223 55 109 223 183 109 246 174 100 127 187 191 148 150 219 47 247 94 103 251 207 183 133 173 223  6.90776
64 1 30 159 246 155 255 243 251 255 23 93 223 183 109 254 238 100 127 251 191 213 190 219 111 247 126 95 191 239 183 223 189 215  5.80914
64 1 30 150 230 223 191 179 154 255 87 221 223 243 105 255 190 108 127 255 191 181 190 218 111 255 58 111 223 199 183 237 188 87  6.90776
64 1 159 255 226 155 223 241 255 222 23 255 223 183 201 206 255 108 127 219 255 215 222 222 111 243 254 85 191 237 183 223 189 213  6.90776
3 0 37 109 71 71 84 11 238 248 119 160 123 74 83 97 157 244 122 204 114 106 201 242 237 110 52 174 135 0 109 251 82 160  0
3 0 49 195 75 233 148 131 111 125 84 0 250 198 243 65 184 96 122 136 6 236 219 184 69 63 236 172 166 64 61 138 240 160  0
3 0 39 151 61 171 188 47 207 185 70 121 185 94 211 121 248 97 221 132 31 239 251 34 125 149 237 189 171 244 221 171 208 240  0
3 0 119 9 66 168 221 131 66 232 5 224 234 11 2 128 167 212 120 172 134 227 92 187 64 156 176 228 131 82 17 46 120 12  0
3 0 117 81 253 239 60 14 79 184 102 232 191 72 211 81 153 114 92 212 125 110 201 160 121 44 233 173 165 20 120 187 112 35  0
3 0 37 103 105 101 252 15 79 184 86 232 248 76 211 97 209 52 89 204 86 126 137 114 109 30 236 158 165 52 237 251 82 160  0
3 0 189 239 192 229 244 59 207 127 65 162 158 202 243 41 209 165 89 238 198 239 233 242 205 170 62 205 229 52 111 254 218 168  0
3 0 53 101 233 237 244 11 239 249 86 226 251 202 83 97 157 48 89 204 22 238 233 242 109 30 124 174 165 148 125 251 82 160  0
3 0 56 37 90 229 118 11 106 120 53 160 250 138 95 11 49 81 122 205 127 233 104 179 69 142 246 239 163 20 101 170 114 128  0
126 1 101 109 123 103 84 14 111 48 97 224 107 72 83 97 17 48 90 236 114 106 201 178 245 44 117 168 5 32 109 187 82 32  6.90776
126 1 33 36 225 71 116 42 235 56 119 225 115 210 211 33 156 252 58 204 118 124 185 240 237 30 44 174 177 192 237 169 82 160  6.90776
126 1 180 77 86 79 151 11 239 248 117 134 254 130 75 97 189 85 122 204 102 234 104 179 61 206 114 190 5 4 119 251 96 160  6.90776
126 1 37 96 197 71 116 11 234 216 127 224 123 66 211 0 157 252 122 204 118 126 129 240 109 124 4 46 227 68 111 187 82 164  6.90776
126 1 165 111 71 71 196 27 230 84 127 162 123 106 66 0 149 244 122 204 98 106 193 242 197 122 52 46 7 0 109 251 210 164  6.90776
126 1 37 105 199 69 68 27 230 216 119 160 122 74 83 0 157 180 122 204 34 126 193 242 205 232 52 42 135 4 111 251 90 164  6.21461
126 1 37 109 71 71 84 11 238 248 119 160 123 74 83 97 157 244 122 204 114 106 201 242 237 110 52 174 135 0 109 251 82 160  6.90776
126 1 97 109 83 79 84 14 102 108 117 128 227 10 114 113 29 116 120 236 90 106 105 178 209 111 53 174 1 16 105 187 98 168  6.90776
127 1 53 143 72 43 148 175 67 89 86 161 233 66 243 97 176 96 88 170 6 254 154 184 77 62 172 140 161 80 249 139 208 160  6.90776
127 1 1 11 147 253 52 162 106 18 94 8 90 64 181 163 161 80 242 106 46 76 2 152 1 107 132 188 50 0 144 249 33 40  6.90776
127 1 1 219 91 203 246 131 239 245 92 72 122 230 177 195 180 96 126 40 22 238 211 184 37 125 108 140 166 192 61 154 241 169  6.90776
127 1 17 133 75 237 180 167 111 127 116 1 219 198 211 99 184 96 126 142 22 184 219 184 85 31 236 174 166 196 189 202 240 160  6.21461
127 1 53 143 75 43 148 163 98 105 84 0 235 194 83 65 176 64 120 170 2 252 59 186 77 63 184 164 162 64 53 138 240 160  6.90776
127 1 97 195 69 139 205 27 229 45 68 52 191 70 194 64 154 199 120 132 42 234 89 32 111 213 180 32 227 84 57 10 212 32  6.90776
127 1 49 195 79 109 20 2 79 189 100 0 234 198 115 1 152 112 122 196 12 238 201 187 69 45 240 172 164 68 109 178 240 40  6.90776
127 1 49 195 75 233 148 131 111 125 84 0 250 198 243 65 184 96 122 136 6 236 219 184 69 63 236 172 166 64 61 138 240 160  6.90776
127 1 40 195 69 159 76 75 229 61 68 22 230 198 225 3 186 197 120 128 42 232 97 44 127 157 100 35 246 1 55 152 244 168  6.90776
128 1 39 151 61 171 188 47 207 185 70 121 185 94 211 121 248 97 221 132 31 239 251 34 125 149 237 189 171 244 221 171 208 240  6.90776
128 1 39 151 45 171 188 39 203 184 6 120 153 86 209 105 216 96 93 132 31 239 155 2 125 149 204 61 171 244 157 171 208 112  6.90776
129 1 119 9 66 168 221 131 66 232 5 224 234 11 2 128 167 212 120 172 134 227 92 187 64 156 176 228 131 82 17 46 120 12  6.90776
129 1 51 115 202 172 92 131 75 88 7 200 248 239 51 198 163 16 124 185 23 229 73 179 194 136 144 196 171 168 61 170 58 152  6.90776
129 1 117 137 0 137 221 27 198 233 68 96 139 10 66 0 166 244 104 132 170 226 92 59 109 213 180 32 131 86 17 46 248 36  6.90776
130 1 116 81 189 231 60 79 71 184 102 168 187 72 215 81 73 114 80 212 125 106 201 160 249 40 233 173 37 52 112 187 80 35  6.90776
130 1 185 85 125 237 52 6 79 188 96 200 246 196 211 7 145 115 94 244 28 238 233 160 117 12 225 169 228 144 45 179 96 121  6.90776
130 1 117 65 105 102 100 6 79 184 96 232 255 76 83 73 153 49 94 196 84 238 201 178 109 44 114 233 161 148 109 187 114 225  6.90776
130 1 116 217 189 239 172 78 79 184 70 184 183 8 215 113 25 114 217 196 125 106 201 226 121 60 233 175 101 20 240 187 80 34  6.90776
130 1 117 113 25 103 180 15 71 188 68 232 187 72 211 81 153 112 88 212 92 106 201 176 217 12 225 173 37 52 104 187 210 33  6.90776
130 1 89 87 85 231 52 6 79 57 100 232 219 228 211 119 152 99 86 196 28 238 201 176 117 12 224 232 166 148 44 178 240 49  6.90776
130 1 117 89 237 239 60 14 75 184 70 232 183 0 211 95 89 114 220 212 125 110 201 32 249 56 235 173 167 20 48 187 112 98  6.90776
130 1 117 81 253 239 60 14 79 184 102 232 191 72 211 81 153 114 92 212 125 110 201 160 121 44 233 173 165 20 120 187 112 35  6.90776
131 1 53 101 233 231 220 3 79 248 86 160 184 74 83 99 217 48 89 204 55 234 201 114 109 62 248 141 165 180 53 251 208 160  0
131 1 33 36 65 69 116 43 239 58 84 226 251 78 243 33 144 52 91 206 86 46 185 186 109 14 124 142 165 4 111 235 82 160  0
131 1 37 111 233 101 252 15 207 248 86 234 248 76 211 97 217 60 89 204 86 126 203 118 109 62 236 158 165 52 237 251 82 161  6.21461
131 1 125 39 19 108 125 46 75 91 105 136 249 76 159 227 208 180 210 140 76 124 155 35 192 78 249 253 37 124 74 167 66 161  0
131 1 37 63 105 99 244 143 107 184 119 232 126 228 243 125 145 112 95 238 22 127 145 184 109 62 110 30 165 192 236 187 82 241  6.21461
131 1 237 118 173 99 188 127 67 152 83 251 181 92 211 81 221 191 217 196 124 126 187 102 249 18 207 223 229 124 218 251 82 52  0
131 1 4 168 205 177 236 171 96 202 94 177 96 200 151 129 209 10 11 108 98 92 19 116 207 16 140 144 119 100 216 169 83 160  6.90776
131 1 53 239 73 101 244 11 79 185 84 224 254 78 83 97 145 52 88 204 20 110 201 178 109 14 108 140 165 180 109 250 210 160  5.80914
131 1 37 118 41 33 188 175 67 152 118 249 57 76 211 81 217 56 153 76 70 126 155 112 217 22 205 157 37 116 216 219 82 161  6.90776
132 1 45 111 225 101 228 11 239 57 64 226 58 234 243 41 213 35 88 236 70 111 201 242 205 40 100 136 229 52 111 250 210 168  6.90776
132 1 189 175 192 229 221 51 198 255 65 162 156 142 75 41 211 164 89 238 134 239 233 50 205 170 190 205 165 52 111 254 216 172  6.90776
132 1 117 101 233 229 244 43 239 189 85 234 222 202 211 109 149 36 93 206 119 239 233 178 237 142 110 238 165 180 103 250 210 120  0
132 1 189 239 192 229 244 59 207 127 65 162 158 202 243 41 209 165 89 238 198 239 233 242 205 170 62 205 229 52 111 254 218 168  6.90776
132 1 251 174 192 133 214 51 207 127 18 162 222 219 113 40 144 165 89 238 151 173 185 254 205 174 56 47 237 180 175 238 218 168  6.90776
133 1 53 71 64 77 212 11 199 249 70 160 248 202 83 97 157 52 88 204 6 238 201 178 77 30 60 140 165 52 125 251 210 160  6.90776
133 1 183 231 207 77 221 115 230 232 87 182 249 238 99 232 255 164 121 206 98 255 253 243 239 159 60 14 229 125 247 255 122 132  6.90776
133 1 181 71 77 111 150 3 71 184 84 162 215 246 83 97 153 97 93 196 28 238 233 247 109 14 240 235 229 148 125 251 112 32  6.90776
133 1 53 101 233 237 244 11 239 249 86 226 251 202 83 97 157 48 89 204 22 238 233 242 109 30 124 174 165 148 125 251 82 160  5.116
133 1 181 199 205 13 214 3 167 232 86 162 83 242 81 96 145 33 89 76 2 111 233 246 77 30 108 6 173 196 253 251 112 160  6.90776
133 1 213 6 197 55 138 34 45 186 52 178 203 246 81 99 137 95 113 198 44 174 105 212 205 44 172 162 255 132 45 241 48 48  6.90776
133 1 37 36 193 79 84 59 234 120 86 225 115 206 83 32 156 164 90 204 54 236 185 242 109 158 60 46 181 4 239 171 82 164  6.21461
133 1 53 117 121 239 254 3 207 248 86 224 249 234 81 119 153 112 126 220 22 239 201 178 109 62 116 173 175 180 125 251 114 161  6.21461
133 1 37 231 201 13 214 3 167 232 86 226 121 238 81 100 157 32 89 236 2 111 165 242 109 30 60 6 165 100 253 251 114 244  6.90776
134 1 252 116 122 225 166 11 122 88 37 162 183 186 31 15 209 27 62 213 255 250 232 247 193 202 246 217 161 244 103 187 66 49  6.90776
134 1 250 65 66 236 46 2 126 120 33 160 250 130 95 143 49 82 126 229 125 227 72 147 193 203 242 233 170 148 39 190 114 9  6.90776
134 1 56 33 99 225 116 11 232 107 117 160 242 138 159 8 17 177 254 157 95 173 136 187 69 140 156 255 139 4 229 168 114 136  6.90776
134 1 56 41 94 165 86 75 106 122 117 164 242 10 83 171 51 81 120 172 110 161 108 251 69 158 247 231 225 21 37 168 120 130  6.90776
134 1 60 4 254 205 118 2 255 120 53 162 246 130 121 99 189 69 126 220 23 236 104 243 81 204 118 174 199 0 111 170 96 160  6.90776
134 1 24 109 79 165 84 143 104 103 117 164 250 10 143 137 48 209 248 173 79 169 40 187 81 142 149 231 186 1 101 136 122 136  6.90776
134 1 60 37 88 173 94 67 78 248 23 162 232 10 87 99 25 80 122 204 6 234 108 146 77 30 246 239 165 53 61 250 106 128  6.90776
134 1 60 37 81 173 30 11 78 232 87 162 218 138 207 106 25 192 122 205 110 227 120 242 205 158 180 199 143 52 53 58 24 0  6.90776
134 1 56 37 90 229 118 11 106 120 53 160 250 138 95 11 49 81 122 205 127 233 104 179 69 142 246 239 163 20 101 170 114 128  6.90776
4 0 63 67 98 207 119 18 78 248 85 224 247 231 75 12 191 228 126 204 150 239 237 178 109 238 62 252 167 132 111 191 120 85  0
4 0 185 30 99 223 108 143 239 120 85 74 253 230 51 205 181 53 94 168 23 238 233 182 108 223 86 188 161 184 127 143 114 245  0
4 0 255 23 98 140 255 51 222 232 77 110 189 239 74 76 191 197 127 201 223 231 252 39 44 222 178 93 139 191 127 255 123 215  0
4 0 63 223 122 235 245 247 255 252 87 78 126 167 121 125 191 228 255 187 151 239 239 178 121 255 111 255 160 195 127 223 252 255  0
4 0 189 94 123 238 118 147 90 240 85 10 241 238 107 201 179 241 126 168 150 239 237 182 44 191 242 201 161 152 63 191 120 149  0
4 0 63 22 231 205 228 54 237 115 85 202 255 246 91 109 183 237 126 228 55 175 169 178 101 200 22 239 243 132 255 255 112 245  0
4 0 13 221 123 239 246 71 255 252 93 192 127 162 121 127 185 96 254 251 19 235 193 176 121 255 111 255 175 132 53 251 245 249  0
4 0 239 139 7 255 253 159 111 185 103 121 255 84 251 227 185 245 221 238 63 238 251 182 123 253 229 255 235 252 30 175 208 181  0
4 0 79 95 107 207 180 86 191 180 248 200 223 230 217 252 255 228 118 125 191 255 237 144 189 206 111 125 175 196 47 183 249 117  0
197 1 127 83 238 231 119 82 127 252 5 236 255 167 75 13 191 198 126 221 191 247 204 178 109 172 126 233 165 135 111 191 124 87  6.21461
197 1 47 74 97 233 61 19 74 152 7 248 149 198 201 75 217 236 93 196 159 255 137 22 109 188 172 216 175 244 191 191 80 52  6.90776
197 1 255 201 234 234 157 86 206 136 69 193 143 3 89 45 118 98 88 196 59 223 92 171 253 226 251 253 135 93 183 191 248 70  6.90776
197 1 63 67 98 7 118 27 206 248 93 224 247 239 75 12 159 165 126 196 150 239 237 178 109 238 62 126 239 148 111 191 120 85  5.80914
197 1 191 89 115 207 245 30 111 184 109 192 127 70 91 95 189 244 126 236 18 238 201 176 61 238 39 252 134 4 111 191 240 180  6.90776
197 1 123 0 99 236 85 22 106 80 65 72 243 79 11 9 54 80 248 132 23 173 141 183 85 206 23 253 130 136 111 142 114 198  6.90776
197 1 191 94 69 215 54 59 106 184 85 232 123 246 75 104 157 173 126 206 148 254 173 240 109 174 174 222 229 134 239 255 88 181  6.21461
197 1 63 70 98 142 119 19 222 232 25 238 213 239 75 44 191 133 126 197 151 231 172 163 13 254 178 111 239 151 191 191 120 85  6.90776
197 1 181 205 98 79 213 22 238 236 117 128 226 2 107 72 61 228 120 236 18 238 237 182 93 239 55 252 134 0 107 191 248 140  6.90776
198 1 161 58 107 91 100 174 233 80 118 74 119 84 48 129 149 60 126 40 18 94 163 244 55 115 70 60 50 192 79 129 114 241  6.90776
198 1 61 12 101 220 108 63 207 122 21 98 253 206 123 77 181 189 94 168 22 174 169 182 124 191 146 202 193 56 127 253 114 244  6.90776
198 1 169 82 97 91 108 156 237 156 120 88 117 228 153 197 221 189 94 8 54 110 195 244 238 81 4 56 224 172 95 157 82 245  6.90776
198 1 167 220 101 217 108 143 239 252 221 122 53 246 208 93 180 37 79 48 19 238 225 164 125 255 100 26 193 212 95 153 208 180  6.90776
198 1 185 30 99 223 108 143 239 120 85 74 253 230 51 205 181 53 94 168 23 238 233 182 108 223 86 188 161 184 127 143 114 245  6.90776
198 1 237 55 101 67 236 157 239 185 237 248 125 236 153 69 221 183 78 0 86 126 209 48 236 220 38 24 161 164 127 143 82 245  6.90776
198 1 177 126 75 236 124 135 203 120 21 204 249 239 51 205 182 0 92 168 23 238 233 167 64 159 114 140 161 184 125 171 114 209  6.90776
198 1 185 20 67 206 116 163 203 120 21 66 253 246 115 205 181 37 94 168 23 174 169 167 108 159 210 252 163 184 127 175 114 241  6.90776
199 1 190 6 98 40 183 51 94 250 85 78 253 191 75 105 191 213 127 137 133 167 172 179 12 158 250 223 160 199 247 223 124 199  6.90776
199 1 255 23 98 140 255 51 222 232 77 110 189 239 74 76 191 197 127 201 223 231 252 39 44 222 178 93 139 191 127 255 123 215  6.21461
199 1 239 55 98 140 255 19 158 232 205 110 157 239 8 72 191 167 110 129 223 231 245 39 44 223 54 24 139 191 95 191 59 213  6.90776
199 1 62 207 224 138 143 115 86 205 71 228 172 135 75 204 255 196 89 202 130 254 78 35 110 178 251 221 133 63 55 255 252 214  6.90776
199 1 255 22 98 140 255 51 158 232 25 110 157 239 76 44 191 133 255 193 223 231 252 39 44 222 178 87 171 191 63 127 59 87  6.90776
200 1 15 223 106 219 245 246 191 252 21 78 95 166 249 127 187 228 127 122 183 239 229 144 125 255 103 127 174 129 63 255 61 245  6.90776
200 1 15 223 106 207 245 118 191 250 87 78 94 167 217 125 183 100 127 122 183 239 229 144 125 255 111 127 175 135 191 255 252 247  6.90776
200 1 63 221 120 234 247 215 223 252 95 109 253 47 43 221 190 164 255 155 151 243 255 186 120 255 251 221 161 255 127 143 252 223  6.21461
200 1 155 95 122 239 117 214 127 117 117 78 126 167 121 125 182 228 254 187 183 238 237 176 53 239 99 255 162 131 63 254 252 255  6.90776
200 1 47 223 123 251 246 247 255 252 95 78 124 167 121 253 191 32 255 187 151 231 239 176 121 255 111 223 165 130 255 223 244 251  6.90776
200 1 59 223 122 239 117 214 255 116 85 78 126 167 121 127 182 100 254 187 183 239 237 178 49 255 99 255 162 131 63 190 252 247  6.90776
200 1 63 223 122 235 245 247 255 252 87 78 126 167 121 125 191 228 255 187 151 239 239 178 121 255 111 255 160 195 127 223 252 255  6.90776
200 1 63 223 126 251 245 247 255 254 87 78 124 167 121 93 191 36 255 187 151 255 255 176 121 255 111 223 165 195 127 223 252 255  6.90776
200 1 37 77 33 75 213 254 207 132 85 65 202 0 243 92 29 228 88 138 18 223 143 182 125 191 37 62 128 64 219 27 208 100  6.90776
201 1 189 94 110 254 118 147 74 112 213 138 81 230 123 200 177 225 126 184 150 227 237 182 44 190 242 203 225 137 63 175 120 129  6.90776
201 1 182 111 115 202 54 211 203 112 93 136 216 98 107 201 181 228 122 168 6 235 233 167 44 254 178 220 163 170 127 187 116 165  6.90776
201 1 159 254 113 243 50 57 123 248 49 102 245 191 111 79 155 53 55 217 213 239 239 86 45 255 242 201 169 165 39 149 38 125  6.90776
201 1 180 95 115 74 52 147 194 208 205 8 251 238 99 217 181 196 120 184 142 122 203 163 44 191 178 252 163 26 127 155 112 53  6.90776
201 1 131 143 67 139 246 179 174 247 92 10 89 246 96 192 180 228 122 42 2 239 247 188 12 255 36 4 170 192 61 206 241 141  6.90776
201 1 189 94 123 238 118 147 90 240 85 10 241 238 107 201 179 241 126 168 150 239 237 182 44 191 242 201 161 152 63 191 120 149  6.90776
201 1 189 92 123 108 124 63 215 252 85 106 253 110 59 89 179 177 94 184 22 110 237 183 96 191 246 217 33 188 127 187 122 251  6.21461
201 1 189 94 106 190 118 147 86 240 213 10 240 231 107 200 179 241 126 168 134 103 237 182 76 191 242 233 161 153 63 191 120 25  6.21461
201 1 191 126 98 190 118 178 94 240 153 70 212 239 107 205 183 209 126 233 149 231 237 151 46 191 242 235 225 152 63 191 122 213  6.90776
202 1 63 21 231 236 230 50 76 117 85 195 255 246 75 108 190 237 126 165 54 175 189 243 37 200 146 239 194 128 175 255 248 213  5.29832
202 1 87 6 183 196 6 114 169 0 236 222 223 242 201 236 189 239 119 245 124 175 161 245 173 200 145 58 203 134 133 103 37 117  6.90776
202 1 87 21 238 197 166 38 173 81 172 255 223 247 220 46 191 111 119 101 63 173 177 209 165 192 84 62 251 132 141 231 177 117  6.21461
202 1 57 12 229 237 205 127 207 74 71 114 236 10 123 44 55 189 73 194 82 238 41 178 125 185 151 223 209 21 243 253 82 228  6.90776
202 1 63 22 238 237 228 50 109 115 53 202 255 247 73 107 183 207 126 164 183 174 172 243 37 200 70 239 243 133 239 247 120 209  5.80914
202 1 159 4 101 255 66 63 125 122 61 118 101 159 107 111 31 57 63 219 213 175 173 214 125 255 215 219 211 36 191 245 7 244  6.90776
202 1 63 166 225 215 214 51 239 219 22 167 92 247 65 233 223 140 127 206 23 189 187 240 109 158 44 15 191 228 255 252 248 240  6.90776
202 1 61 94 119 77 108 63 239 122 85 234 126 102 91 61 181 237 94 232 23 110 169 178 117 174 70 239 240 132 255 255 112 241  4.96185
202 1 174 95 111 223 245 254 239 247 253 110 254 246 249 255 183 239 104 238 191 238 249 191 127 238 119 255 246 130 255 255 244 253  5.80914
203 1 3 142 75 159 118 163 174 247 92 2 91 246 96 96 188 96 127 106 2 175 245 184 12 127 36 46 174 192 61 250 177 141  6.21461
203 1 13 221 123 239 246 71 255 252 93 192 127 162 121 127 185 96 254 251 19 235 193 176 121 255 111 255 175 132 53 251 245 249  6.21461
203 1 61 141 115 239 213 87 111 236 85 192 238 2 121 119 57 228 120 254 19 234 73 178 121 255 127 253 135 4 55 255 240 168  6.90776
203 1 12 221 123 239 246 79 255 252 76 224 127 163 253 127 185 96 254 219 23 235 209 176 121 255 239 223 175 132 85 251 245 243  6.90776
203 1 13 221 121 239 246 79 255 184 77 224 127 130 221 127 57 96 254 223 19 235 193 176 121 254 111 253 143 4 55 251 245 240  6.90776
204 1 239 131 5 203 205 22 79 185 71 121 209 84 200 67 184 229 93 132 63 238 251 6 121 213 5 58 203 252 30 175 208 36  6.90776
204 1 239 139 7 255 253 159 111 185 103 121 255 84 251 227 185 245 221 238 63 238 251 182 123 253 229 255 235 252 30 175 208 181  6.90776
205 1 159 117 123 206 179 214 31 252 253 192 197 182 92 222 191 245 118 253 157 227 237 135 60 206 179 109 143 142 47 55 167 119  6.90776
205 1 79 27 239 197 188 22 239 147 72 217 159 230 217 44 215 234 111 100 63 221 157 248 237 192 110 63 239 196 141 247 241 117  6.21461
205 1 223 253 107 194 52 156 239 176 249 192 87 22 185 204 214 228 118 236 29 223 239 254 188 238 255 93 143 96 46 151 248 124  6.21461
205 1 215 117 35 170 179 214 31 252 185 200 201 100 92 214 175 244 246 253 156 231 237 131 60 222 177 116 143 174 62 55 163 117  6.90776
205 1 92 83 110 205 174 82 187 156 134 204 215 163 89 141 255 98 118 84 191 250 128 145 175 128 127 105 239 197 55 183 60 115  6.90776
205 1 139 95 111 223 119 86 255 117 116 78 94 230 121 255 178 228 118 127 183 239 225 144 53 239 103 111 170 128 47 246 173 253  6.90776
205 1 79 95 107 207 180 86 191 180 248 200 223 230 217 252 255 228 118 125 191 255 237 144 189 206 111 125 175 196 47 183 249 117  6.90776
205 1 79 251 235 195 180 150 235 180 234 232 159 198 217 188 215 230 94 101 61 223 205 248 253 224 239 61 175 196 143 166 249 117  6.90776
205 1 79 131 239 193 228 54 173 145 98 251 159 214 217 110 222 234 127 71 63 191 149 209 173 192 78 47 239 196 135 247 241 245  6.90776
5 0 205 204 23 119 173 200 103 166 238 178 170 24 255 241 65 254 131 102 104 74 97 109 219 51 205 255 87 88 194 119 65 40  0
5 0 88 188 158 250 137 237 84 231 191 23 164 25 174 255 96 91 129 243 249 16 58 111 154 247 251 247 87 123 210 64 135 10  0
5 0 208 156 159 253 42 110 61 191 188 27 226 48 191 183 40 123 231 127 125 136 113 221 179 111 241 163 126 134 32 64 167 59  0
5 0 144 132 59 160 50 99 17 99 52 53 195 179 29 151 42 81 123 149 141 160 56 143 1 87 217 130 123 207 52 128 37 99  0
5 0 194 170 150 179 137 224 56 135 190 187 130 17 236 242 66 203 163 119 233 145 54 77 155 243 137 114 95 223 152 68 173 15  0
5 0 86 188 182 191 251 75 54 238 191 255 179 191 236 254 110 91 243 207 255 119 118 75 155 251 188 118 95 255 188 119 159 223  0
5 0 216 164 158 182 137 104 20 15 174 183 130 17 223 247 65 91 161 215 233 16 56 77 219 194 217 243 95 91 128 96 167 2  0
5 0 88 188 150 55 187 250 93 47 255 247 174 21 111 63 2 223 163 119 237 0 60 201 187 239 219 247 85 83 162 68 143 95  0
5 0 200 63 90 248 234 168 61 23 161 143 124 177 175 167 195 91 38 123 197 16 114 138 130 106 226 225 118 137 160 208 175 171  0
271 1 197 204 29 119 172 172 101 166 238 178 162 16 243 97 24 123 1 102 104 78 113 237 223 55 237 186 85 80 64 241 192 40  6.21461
271 1 77 200 23 119 173 200 103 166 238 50 170 8 255 241 65 254 131 102 104 74 65 105 219 49 204 255 87 88 194 119 65 40  6.90776
271 1 205 204 23 119 173 200 103 166 238 178 170 24 255 241 65 254 131 102 104 74 97 109 219 51 205 255 87 88 194 119 65 40  6.21461
272 1 94 189 146 250 155 237 18 202 175 145 168 9 238 255 101 82 163 243 251 80 18 75 154 247 155 215 15 123 210 71 7 26  6.90776
272 1 88 172 190 254 137 237 84 231 191 23 228 24 174 191 32 89 161 179 249 0 122 111 154 255 251 255 84 59 82 64 135 10  6.21461
272 1 88 188 158 250 137 237 84 231 191 23 164 25 174 255 96 91 129 243 249 16 58 111 154 247 251 247 87 123 210 64 135 10  6.21461
272 1 212 30 159 250 170 232 17 3 184 159 161 57 190 247 97 91 135 51 237 16 58 79 130 99 217 243 114 123 192 97 39 51  6.90776
272 1 88 172 158 126 137 237 84 231 191 23 164 25 174 187 96 91 129 243 233 0 58 111 146 55 251 247 84 123 210 64 142 10  6.90776
272 1 122 173 146 250 153 237 18 231 191 21 172 9 174 255 100 16 129 187 249 16 58 107 218 247 251 215 23 123 146 68 135 10  6.21461
273 1 208 156 159 253 42 110 61 191 188 27 226 48 191 183 40 123 231 127 125 136 113 221 179 111 241 163 126 134 32 64 167 59  5.80914
273 1 193 148 159 209 168 110 37 191 126 123 226 112 150 49 96 111 225 94 122 24 49 253 179 98 221 178 118 70 200 80 161 43  6.90776
273 1 216 30 159 191 42 232 57 134 188 23 130 177 189 183 11 91 167 119 237 129 34 77 130 103 209 227 122 155 32 64 7 123  6.90776
273 1 208 180 19 108 3 74 117 111 57 3 99 24 62 183 40 113 178 30 72 40 97 157 176 79 241 160 80 6 32 64 167 42  6.90776
274 1 144 132 59 160 50 99 17 99 52 53 195 179 29 151 42 81 123 149 141 160 56 143 1 87 217 130 123 207 52 128 37 99  6.21461
275 1 203 27 130 188 169 180 12 6 189 73 82 213 173 138 179 201 198 99 189 197 199 9 151 225 128 112 250 154 28 85 185 29  6.90776
275 1 210 232 148 178 137 196 24 143 171 61 130 25 172 182 66 207 225 215 253 145 62 79 219 241 153 82 222 255 128 68 173 14  6.90776
275 1 194 170 150 179 137 224 56 135 190 187 130 17 236 242 66 203 163 119 233 145 54 77 155 243 137 114 95 223 152 68 173 15  6.90776
275 1 198 207 150 190 187 128 182 228 190 19 129 49 236 250 104 195 131 115 233 211 54 77 138 241 168 242 95 91 144 71 173 14  6.90776
275 1 198 186 149 19 137 232 32 183 190 155 131 85 228 226 72 203 161 103 104 16 51 77 219 115 12 50 127 211 136 96 129 27  6.90776
275 1 136 182 158 157 143 242 57 159 190 255 86 150 124 230 98 203 35 111 234 145 179 221 191 223 73 35 127 197 158 100 173 121  6.90776
275 1 210 160 151 176 139 100 60 143 171 181 130 17 140 190 74 222 227 87 249 149 22 77 147 224 153 114 222 95 128 68 173 78  6.90776
275 1 194 168 148 19 137 136 176 135 190 187 130 17 172 178 64 203 161 87 233 145 50 77 219 99 141 50 94 87 128 80 171 14  6.90776
276 1 86 188 182 191 251 75 54 238 191 255 179 191 236 254 110 91 243 207 255 119 118 75 155 251 188 118 95 255 188 119 159 223  0
276 1 86 188 150 191 251 75 54 232 191 191 179 187 236 254 110 91 243 207 255 115 54 75 139 251 188 86 95 255 188 119 143 91  6.90776
277 1 216 160 156 240 137 108 81 15 186 191 166 24 159 183 64 91 129 151 233 16 58 79 211 0 219 243 84 123 128 64 135 42  6.90776
277 1 216 36 30 172 25 239 150 110 174 166 160 25 223 222 33 83 232 181 235 98 104 103 146 156 243 209 11 59 16 112 167 66  6.90776
277 1 94 40 134 190 137 120 16 11 170 147 131 25 238 254 67 219 161 103 237 17 28 65 155 192 145 231 90 27 128 101 175 66  6.90776
277 1 216 164 158 182 137 104 20 15 174 183 130 17 223 247 65 91 161 215 233 16 56 77 219 194 217 243 95 91 128 96 167 2  6.90776
277 1 68 143 149 183 186 40 42 138 174 177 139 241 215 226 73 91 103 215 108 18 26 73 203 96 156 162 127 84 132 99 133 32  6.90776
277 1 86 68 151 183 170 105 84 134 175 183 139 177 207 247 73 90 163 215 237 2 24 69 203 226 144 246 95 23 160 113 165 2  6.21461
277 1 216 100 30 190 139 107 20 108 188 182 131 17 206 214 33 91 224 117 233 35 104 71 147 222 209 227 91 27 0 85 167 2  6.21461
277 1 216 164 156 240 137 236 81 15 171 183 166 24 159 183 64 91 129 151 233 16 58 77 211 2 219 247 87 127 128 64 135 10  6.90776
277 1 216 172 150 190 139 232 20 175 190 183 130 17 238 247 64 91 163 119 233 16 58 77 155 243 217 243 95 91 128 64 167 10  6.90776
278 1 88 132 86 251 147 238 120 103 61 7 239 19 111 59 8 217 171 191 239 144 58 249 17 207 219 255 82 67 163 64 239 2  0
278 1 72 188 150 53 185 122 29 63 254 255 142 20 239 231 130 223 131 103 232 8 52 201 187 191 202 247 85 19 194 228 143 93  6.90776
278 1 88 188 150 55 187 250 93 47 255 247 174 21 111 63 2 223 163 119 237 0 60 201 187 239 219 247 85 83 162 68 143 95  6.90776
279 1 200 63 90 248 234 168 61 23 161 143 124 177 175 167 195 91 38 123 197 16 114 138 130 106 226 225 118 137 160 208 175 171  6.90776
6 0 34 176 180 217 125 253 177 207 95 57 112 16 188 157 108 44 137 27 187 17 50 232 115 213 79 222 82 119 208 8 197 175  0
6 0 17 135 14 153 148 175 160 103 118 13 202 114 246 34 34 193 121 162 42 144 63 155 65 95 188 38 158 82 144 72 181 42  0
6 0 34 136 22 152 93 205 176 70 159 5 224 1 174 152 38 192 201 59 235 17 2 171 82 247 157 182 26 91 80 8 45 138  0
6 0 58 157 242 186 215 209 216 231 27 23 252 51 46 189 118 212 235 155 151 145 94 59 178 247 219 245 154 235 247 12 254 206  0
6 0 198 237 134 158 223 171 166 238 159 2 202 27 228 232 116 193 233 239 107 195 118 239 138 255 189 54 223 59 145 123 185 142  0
6 0 26 187 30 251 255 229 184 207 159 29 223 182 172 223 108 204 239 187 255 145 19 31 27 247 151 181 154 219 157 9 173 155  0
6 0 10 173 146 186 155 229 180 231 159 21 232 19 172 250 100 192 225 123 235 145 22 43 154 247 187 119 158 123 208 76 173 138  0
6 0 2 152 54 255 61 229 184 103 189 25 210 16 172 155 36 64 226 59 255 1 18 137 18 245 149 254 26 75 16 8 165 139  0
6 0 6 190 158 187 179 167 185 235 62 21 72 23 236 231 104 192 247 123 171 149 50 217 27 247 157 38 159 198 152 64 169 155  0
317 1 42 152 176 217 117 253 177 71 31 85 116 19 172 157 38 108 201 59 147 17 18 168 114 245 79 95 18 123 210 12 197 254  6.90776
317 1 38 149 182 241 229 102 244 191 61 31 122 18 206 59 108 91 201 87 55 17 56 250 83 224 111 250 214 198 200 88 224 139  6.90776
317 1 44 181 17 195 253 253 178 203 95 113 57 24 158 220 108 164 153 27 130 17 23 58 88 215 13 148 17 127 218 11 207 166  6.90776
317 1 162 176 188 217 125 253 177 207 127 57 116 16 188 159 108 44 141 27 251 17 50 248 115 213 79 222 82 119 208 8 197 191  6.21461
317 1 35 132 188 221 61 159 225 175 95 121 240 24 160 56 60 108 201 11 127 9 182 233 113 223 15 62 210 242 208 8 209 143  6.90776
317 1 102 164 33 242 205 253 208 75 223 59 185 25 138 253 124 44 201 146 251 17 62 111 90 151 219 222 209 127 210 76 214 166  6.90776
317 1 131 216 53 217 52 223 169 183 222 89 82 118 188 20 180 229 39 34 62 13 243 188 53 245 4 26 122 194 92 12 241 253  6.90776
317 1 138 176 188 249 9 237 177 7 190 49 160 16 188 158 100 11 129 19 251 17 50 109 115 209 203 209 26 119 208 8 133 250  6.90776
317 1 32 161 49 216 253 221 181 239 79 61 56 24 174 157 108 32 137 27 130 16 82 42 122 149 61 148 21 127 80 8 135 170  6.90776
318 1 16 134 3 153 148 239 160 67 30 13 234 86 6 162 32 200 249 138 10 17 59 186 65 215 156 134 154 70 153 72 176 134  6.90776
318 1 1 133 6 153 148 175 32 39 246 17 202 82 224 34 32 69 105 2 42 152 54 137 69 31 173 38 150 64 176 8 177 10  6.90776
318 1 17 135 14 153 148 175 160 103 118 13 202 114 246 34 34 193 121 162 42 144 63 155 65 95 188 38 158 82 144 72 181 42  6.90776
318 1 209 143 14 157 144 134 5 103 116 15 202 48 118 34 34 81 105 166 232 32 120 139 65 79 176 38 218 82 0 72 165 40  0
319 1 162 168 150 152 221 237 176 199 159 23 224 17 172 248 100 205 201 123 235 17 54 111 210 243 157 22 94 123 208 76 61 142  6.21461
319 1 194 136 22 184 25 197 16 198 159 21 192 17 174 218 34 200 193 51 235 17 62 207 82 247 153 242 26 91 144 12 45 10  5.80914
319 1 32 201 56 89 93 205 179 238 94 5 108 8 174 145 38 68 200 59 131 64 66 42 82 53 109 149 16 123 80 24 133 170  6.90776
319 1 10 152 62 249 75 245 176 71 142 21 202 3 172 159 38 74 201 51 235 17 18 137 18 245 79 119 90 75 144 76 173 218  6.90776
319 1 40 201 24 254 91 205 146 226 158 4 108 3 166 193 38 64 200 58 131 66 66 168 90 191 103 247 0 27 82 27 109 138  6.90776
319 1 64 43 130 156 125 204 225 103 254 140 242 12 238 224 2 212 216 238 110 0 72 235 211 239 181 182 147 27 72 40 119 14  6.90776
319 1 105 16 127 205 93 223 241 105 205 104 247 8 190 154 62 240 248 189 110 121 203 59 243 221 215 185 210 123 89 10 119 238  6.21461
319 1 34 136 22 216 93 237 176 103 159 21 232 17 174 154 38 192 201 59 235 17 18 171 82 247 157 182 26 91 208 8 173 138  6.21461
319 1 40 220 24 126 91 157 18 226 158 4 108 1 174 233 34 192 217 58 131 64 66 170 90 63 103 247 0 27 82 10 76 138  6.90776
320 1 58 157 242 186 215 209 216 231 27 23 252 51 46 189 118 212 235 155 151 145 94 59 178 247 219 245 154 235 247 12 254 206  6.90776
321 1 134 205 215 222 223 171 174 238 191 3 234 18 228 232 60 196 251 127 123 67 118 255 154 255 61 62 95 10 197 123 233 140  0
321 1 198 237 134 158 223 171 166 238 159 2 202 27 228 232 116 193 233 239 107 195 118 239 138 255 189 54 223 59 145 123 185 142  6.90776
321 1 194 236 134 158 223 171 166 239 159 162 202 27 228 232 116 67 233 239 107 131 118 239 202 255 189 54 223 59 144 120 185 142  6.90776
322 1 26 187 30 251 255 229 184 207 159 29 223 182 172 223 108 204 239 187 255 145 19 31 27 247 151 181 154 219 157 9 173 155  6.90776
323 1 130 201 2 186 139 128 182 228 143 21 202 147 172 202 96 66 224 115 171 211 86 15 138 243 185 112 142 75 16 15 173 14  6.90776
323 1 10 173 146 186 155 229 180 231 159 21 232 19 172 250 100 192 225 123 235 145 22 43 154 247 187 119 158 123 208 76 173 138  6.90776
323 1 40 205 178 122 217 213 151 230 207 21 172 0 40 251 100 212 201 115 235 64 82 43 18 247 123 253 22 91 211 89 236 170  6.90776
323 1 162 172 146 158 221 229 180 231 158 7 224 19 172 248 100 201 201 123 163 17 54 111 154 247 61 22 222 107 208 76 189 138  6.90776
323 1 10 137 150 185 139 192 176 71 143 21 202 3 172 190 38 66 224 51 171 129 22 137 18 245 139 113 218 75 144 12 173 202  6.90776
323 1 88 173 22 250 153 237 80 103 191 21 172 25 174 251 96 144 129 187 203 16 58 43 26 191 251 215 17 123 210 68 143 10  6.21461
324 1 2 152 54 255 61 229 184 103 189 25 210 16 172 155 36 64 226 59 255 1 18 137 18 245 149 254 26 75 16 8 165 139  6.90776
324 1 18 153 26 250 127 229 184 199 143 25 216 50 44 155 36 72 234 187 63 129 18 15 2 245 147 176 26 91 16 8 169 139  6.90776
324 1 2 186 23 155 59 225 48 107 191 25 80 48 172 210 108 64 231 59 235 16 50 201 10 215 157 150 27 107 16 0 165 139  6.90776
324 1 74 153 190 253 13 228 176 39 172 21 206 0 172 191 32 66 192 55 235 1 16 201 147 225 195 247 90 19 2 64 165 26  6.90776
324 1 66 8 58 252 125 141 120 103 253 9 242 0 188 155 36 97 224 59 127 1 16 169 146 253 151 190 26 10 16 8 33 10  6.90776
324 1 130 41 50 254 117 174 248 71 253 9 250 16 174 155 52 84 234 175 31 9 0 187 16 237 149 248 154 2 0 0 227 138  6.21461
324 1 2 156 62 253 45 204 177 39 236 27 198 16 188 190 36 107 193 51 251 1 16 237 115 253 205 251 90 91 16 8 165 139  6.90776
324 1 2 128 23 253 61 205 48 111 255 9 242 16 172 218 36 193 226 59 127 0 18 137 18 213 149 190 26 75 16 8 161 11  6.90776
324 1 18 152 51 250 63 229 184 103 141 9 208 50 172 159 36 104 234 59 223 129 18 11 18 245 147 250 154 219 18 8 165 143  6.90776
325 1 6 190 158 187 179 167 185 235 62 21 72 23 236 231 104 192 247 123 171 149 50 217 27 247 157 38 159 198 152 64 169 155  6.90776
7 0 138 127 126 255 245 255 247 119 189 79 255 55 126 255 166 85 252 250 238 226 255 187 59 255 247 255 50 227 91 255 239 251  0
7 0 95 12 175 228 133 246 105 64 165 195 139 2 89 254 49 234 233 245 57 173 9 131 176 192 211 239 203 12 129 99 52 114  0
7 0 28 157 255 255 231 254 247 182 221 223 127 162 125 253 191 235 126 119 183 234 177 248 59 237 71 255 118 131 247 255 245 251  0
7 0 252 77 106 255 148 46 222 244 181 42 251 146 255 111 57 81 254 231 127 227 232 183 217 238 243 251 234 144 37 251 242 139  0
7 0 56 92 126 254 87 254 127 118 189 71 254 18 63 191 32 112 235 187 159 130 104 187 48 239 243 255 18 3 115 216 230 250  0
7 0 159 92 78 188 2 22 190 228 252 194 198 135 125 254 51 203 230 245 221 231 237 197 22 238 242 99 234 131 45 53 41 95  0
7 0 189 213 62 238 125 255 83 248 253 203 255 10 223 255 59 112 255 253 255 123 185 183 121 254 251 255 39 95 211 251 100 243  0
7 0 189 20 254 247 197 126 125 211 117 223 119 18 95 127 43 123 127 255 183 166 56 246 117 138 215 235 241 129 227 249 228 243  0
7 0 136 201 62 253 140 216 119 230 204 6 198 0 191 187 35 97 106 234 63 74 76 169 51 189 231 251 246 9 16 89 245 234  0
369 1 171 127 247 93 125 255 247 127 215 238 254 118 90 188 167 245 252 252 238 166 233 251 249 222 55 63 227 178 91 252 236 253  0
369 1 136 127 30 191 245 255 119 119 61 79 127 53 254 223 34 80 248 170 238 66 119 187 51 239 247 247 50 195 74 95 239 219  6.90776
369 1 138 127 126 255 245 255 247 119 189 79 255 55 126 255 166 85 252 250 238 226 255 187 59 255 247 255 50 227 91 255 239 251  6.90776
370 1 95 12 175 228 133 246 105 64 165 195 139 2 89 254 49 234 233 245 57 173 9 131 176 192 211 239 203 12 129 99 52 114  6.90776
371 1 8 156 255 95 102 238 245 54 220 94 126 34 120 125 180 107 38 114 55 10 177 248 59 109 71 171 114 128 87 249 117 251  6.90776
371 1 28 157 255 255 231 254 247 182 221 223 127 162 125 253 191 235 126 119 183 234 177 248 59 237 71 255 118 131 247 255 245 251  6.21461
372 1 252 77 106 255 148 46 222 244 181 42 251 146 255 111 57 81 254 231 127 227 232 183 217 238 243 251 234 144 37 251 242 139  6.90776
372 1 48 199 106 254 20 128 93 101 4 12 250 131 113 79 58 64 220 187 23 161 204 138 71 207 242 237 186 137 53 138 244 203  0
372 1 220 101 94 247 140 46 254 148 188 178 179 16 223 106 25 91 238 231 125 98 104 245 217 170 247 235 238 16 128 241 195 128  0
372 1 250 77 98 239 132 38 222 118 53 42 251 146 127 175 49 81 126 231 127 227 232 183 193 238 243 249 170 144 39 255 240 9  0
373 1 184 221 123 254 115 207 87 246 57 70 116 61 63 63 34 17 191 187 151 98 104 190 48 191 243 211 112 3 115 212 166 251  6.90776
373 1 152 159 63 173 50 194 53 55 172 77 90 115 188 55 32 64 230 51 157 1 113 137 1 239 241 229 58 131 48 0 165 123  6.90776
373 1 58 29 122 225 247 247 123 246 85 228 254 35 59 61 55 100 254 191 151 209 56 187 49 254 251 223 134 195 103 156 100 251  6.90776
373 1 58 157 126 254 215 215 125 119 157 69 254 3 63 255 54 100 234 187 191 129 122 187 50 255 251 255 158 67 119 204 228 250  6.21461
373 1 30 204 122 190 67 208 31 224 185 6 237 11 108 255 47 81 251 251 147 227 104 3 58 255 243 215 202 43 51 119 39 226  5.80914
373 1 57 124 127 117 69 111 125 118 125 66 124 8 63 63 33 57 173 186 22 42 105 190 48 255 119 219 80 2 107 248 70 250  5.80914
373 1 136 45 30 190 117 239 98 119 253 13 254 20 191 139 50 80 232 175 110 1 121 191 48 238 245 247 178 1 96 8 239 138  0
373 1 120 220 254 254 87 254 127 246 253 71 254 18 127 255 37 112 255 255 191 194 106 187 50 239 251 255 86 3 243 221 228 250  5.52146
373 1 216 13 94 229 55 238 122 51 61 39 238 18 255 59 0 80 243 191 253 40 56 184 17 206 247 255 18 1 226 192 227 10  5.52146
374 1 159 92 78 188 2 22 190 228 252 194 198 135 125 254 51 203 230 245 221 231 237 197 22 238 242 99 234 131 45 53 41 95  6.90776
374 1 159 84 127 252 67 87 31 252 125 194 196 22 93 254 63 189 247 253 147 227 237 215 60 206 243 123 207 6 47 117 47 246  6.90776
374 1 146 93 78 188 34 130 188 100 180 66 214 167 61 31 163 67 102 241 221 231 108 141 6 239 242 99 250 131 61 180 41 91  6.90776
375 1 189 213 62 238 125 255 83 248 253 203 255 10 223 255 59 112 255 253 255 123 185 183 121 254 251 255 39 95 211 251 100 243  6.90776
375 1 61 244 186 234 125 255 211 248 255 203 253 10 223 255 58 48 255 249 215 59 137 167 120 222 251 223 7 95 211 59 230 243  6.90776
375 1 188 92 126 252 189 255 87 250 253 202 246 18 95 255 35 121 253 252 255 122 233 247 51 190 251 251 103 20 115 249 100 243  6.90776
375 1 189 149 62 238 61 191 83 248 253 201 255 8 223 255 56 112 220 252 127 106 185 163 121 191 251 255 35 92 210 235 96 227  6.90776
376 1 189 20 254 247 197 126 125 211 117 223 119 18 95 127 43 123 127 255 183 166 56 246 117 138 215 235 241 129 227 249 228 243  6.90776
376 1 44 20 254 255 237 126 85 89 21 31 125 18 95 127 41 123 221 178 183 38 56 244 115 138 71 235 241 131 243 121 212 243  6.90776
376 1 221 72 174 247 0 78 111 144 244 198 215 4 247 199 3 123 114 237 124 238 40 244 253 42 247 235 227 0 32 179 33 114  6.90776
376 1 46 20 190 245 197 54 124 247 117 31 126 18 75 63 60 123 221 215 183 176 188 250 49 194 203 251 214 71 195 125 228 194  6.90776
376 1 189 20 254 245 197 118 125 83 117 203 119 18 91 63 42 123 127 159 150 160 188 246 53 138 83 235 240 129 227 252 228 209  6.90776
377 1 168 237 62 250 221 220 87 230 209 22 196 8 59 249 51 99 201 234 19 75 122 235 50 189 235 251 212 73 82 89 246 234  6.90776
377 1 1 74 155 253 36 160 107 150 76 6 74 192 181 163 161 72 98 106 46 206 4 152 135 225 198 254 114 8 144 249 33 136  6.90776
377 1 136 201 62 253 140 216 119 230 204 6 198 0 191 187 35 97 106 234 63 74 76 169 51 189 231 251 246 9 16 89 245 234  6.90776
8 0 86 251 245 211 190 76 187 182 47 253 154 239 172 31 196 66 39 215 253 210 210 121 201 241 254 92 183 246 175 159 149 91  0
8 0 94 82 255 247 34 86 123 152 191 254 119 229 253 255 139 122 55 117 253 238 129 213 171 235 203 255 239 132 174 183 5 113  0
8 0 77 49 159 230 185 44 123 25 235 249 175 76 254 247 73 114 151 119 124 28 147 67 218 65 219 253 39 254 202 227 3 51  0
8 0 77 51 25 98 252 13 111 121 237 232 189 108 151 211 248 114 22 8 94 126 211 33 250 72 236 153 37 252 88 170 194 177  0
8 0 133 11 147 255 178 166 107 18 126 8 82 70 180 243 161 96 118 107 14 204 147 152 1 107 164 172 34 128 152 193 33 41  0
8 0 69 252 159 251 168 175 111 188 254 187 178 68 254 83 233 123 167 119 126 122 227 237 219 119 237 254 127 80 152 113 129 41  0
8 0 71 89 183 223 174 252 173 178 236 201 95 100 252 254 221 110 230 103 62 223 147 233 191 232 13 58 254 128 140 243 117 125  0
8 0 83 251 120 195 50 153 187 184 47 124 28 239 188 78 222 54 39 219 253 223 195 88 175 245 254 28 175 246 44 135 11 125  0
8 0 87 115 187 238 43 93 63 156 175 236 149 108 222 214 235 123 182 253 253 114 201 67 187 208 208 213 111 190 60 55 7 119  0
412 1 78 249 244 243 191 68 242 190 111 185 186 99 168 63 76 66 235 87 255 210 210 104 203 241 111 222 183 230 143 3 244 27  6.90776
412 1 86 251 245 195 190 72 187 180 47 245 154 239 172 31 196 66 39 215 253 210 194 121 201 241 254 92 183 246 47 159 21 91  0
412 1 86 251 245 211 190 76 187 182 47 253 154 239 172 31 196 66 39 215 253 210 210 121 201 241 254 92 183 246 175 159 149 91  6.90776
413 1 94 82 255 247 34 86 123 152 191 254 119 229 253 255 139 122 55 117 253 238 129 213 171 235 203 255 239 132 174 183 5 113  6.90776
413 1 220 74 223 116 34 74 111 176 177 190 54 224 127 135 193 91 38 245 109 234 96 85 161 106 209 227 103 132 32 177 7 105  0
413 1 79 210 253 247 34 86 59 152 191 222 119 229 253 127 139 122 55 117 189 126 131 212 47 239 79 255 239 132 174 183 5 113  6.90776
414 1 77 41 157 111 172 44 103 152 234 184 235 68 254 243 201 122 145 102 108 14 131 97 219 97 196 191 103 24 200 243 67 33  6.90776
414 1 87 16 159 238 169 44 92 120 171 219 141 76 254 247 105 122 245 245 125 40 25 3 154 192 153 255 207 190 136 98 35 51  6.90776
414 1 77 49 159 246 185 44 127 217 239 249 175 76 254 247 73 122 215 127 126 62 147 67 218 65 219 253 111 254 202 243 163 51  6.21461
414 1 221 179 189 103 188 94 17 57 234 253 183 124 223 253 202 115 134 87 253 112 177 233 187 13 235 251 101 215 202 160 7 115  6.90776
414 1 73 178 189 87 60 252 51 154 254 251 31 108 254 245 202 98 151 118 124 28 147 96 187 115 79 255 53 214 206 227 81 113  6.21461
414 1 69 51 155 115 248 172 109 157 254 249 35 76 222 210 89 122 149 110 126 28 147 241 219 64 237 191 55 108 200 211 195 129  6.90776
414 1 110 49 185 224 123 76 25 91 171 249 173 76 158 191 77 54 132 213 125 16 155 75 210 192 223 217 7 126 194 34 135 179  5.80914
414 1 92 127 18 162 241 140 62 213 169 13 251 237 111 195 11 144 167 47 205 86 6 131 152 110 250 245 36 203 138 215 171 19  6.90776
414 1 93 12 147 108 61 44 67 26 235 136 168 8 255 243 225 242 146 229 108 60 11 3 218 3 249 253 35 60 138 227 67 33  6.90776
415 1 77 177 155 96 184 12 99 89 238 137 185 76 158 243 72 114 148 76 94 124 211 11 242 64 253 217 39 124 200 34 227 161  6.21461
415 1 237 115 125 75 236 141 111 57 237 248 117 108 145 197 248 119 6 8 86 126 195 48 106 92 102 24 37 236 94 138 194 241  0
415 1 77 51 25 98 252 13 111 121 237 232 189 108 151 211 248 114 22 8 94 126 211 33 250 72 236 153 37 252 88 170 194 177  6.21461
416 1 133 11 147 255 178 166 107 18 126 8 82 70 180 243 161 96 118 107 14 204 147 152 1 107 164 172 34 128 152 193 33 41  0
417 1 77 252 31 251 188 143 190 180 188 27 146 84 255 83 168 33 167 115 94 123 243 237 25 255 233 223 127 210 152 89 129 41  0
417 1 69 200 31 250 168 143 79 188 237 26 178 0 254 115 168 107 167 115 126 106 97 77 27 125 249 218 95 88 152 176 129 41  0
417 1 69 78 157 95 172 44 103 144 254 186 235 68 246 210 201 123 197 102 108 14 199 101 251 33 196 186 118 16 72 243 65 9  6.90776
417 1 209 200 159 252 40 141 81 168 255 138 146 8 254 211 33 112 167 241 126 74 73 13 11 119 217 222 107 24 24 48 33 41  0
417 1 69 252 159 251 168 175 111 188 254 187 178 68 254 83 233 123 167 119 126 122 227 237 219 119 237 254 127 80 152 113 129 41  6.90776
417 1 197 252 157 81 40 46 33 186 126 187 34 84 148 19 193 127 7 84 120 122 225 220 209 118 141 186 119 68 8 81 3 41  0
418 1 67 25 167 95 44 124 173 50 236 200 95 64 248 252 148 110 196 102 62 79 145 233 183 232 5 58 250 128 140 243 113 125  0
418 1 71 89 183 223 174 252 173 178 236 201 95 100 252 254 221 110 230 103 62 223 147 233 191 232 13 58 254 128 140 243 117 125  0
418 1 87 92 151 154 155 212 163 128 172 73 203 102 244 214 237 230 230 101 58 215 131 129 190 224 185 52 142 138 156 55 181 117  6.90776
419 1 214 248 115 195 54 141 251 224 63 240 131 175 46 143 85 18 167 221 125 210 235 127 185 247 190 152 143 118 37 131 39 120  0
419 1 219 251 120 195 50 153 123 248 47 108 21 238 237 78 223 52 54 219 221 207 198 28 173 247 254 205 175 224 63 151 15 125  0
419 1 83 251 120 195 50 153 187 184 47 124 28 239 188 78 222 54 39 219 253 223 195 88 175 245 254 28 175 246 44 135 11 125  0
419 1 67 251 168 147 186 201 191 189 46 125 28 229 188 70 222 6 39 67 253 215 215 72 175 241 236 20 63 254 140 134 139 125  0
419 1 83 243 40 131 58 29 187 184 43 121 156 239 189 78 222 38 55 207 125 255 195 72 175 245 252 20 175 252 44 135 11 125  6.90776
420 1 95 117 19 162 211 214 30 244 161 200 233 77 78 214 43 208 180 233 213 246 205 131 24 222 184 213 47 174 42 119 171 215  0
420 1 87 115 187 238 43 93 63 156 175 236 149 108 222 214 235 123 182 253 253 114 201 67 187 208 208 213 111 190 60 55 7 119  6.90776
420 1 69 50 187 74 40 89 59 152 238 236 23 108 220 215 203 120 150 93 252 114 129 1 170 80 196 149 43 190 24 163 5 113  6.90776
420 1 214 122 253 182 43 92 93 156 187 254 144 124 239 214 195 63 166 245 253 67 233 71 255 224 145 210 127 190 36 53 7 127  0
9 0 105 140 125 103 180 47 111 191 116 170 126 88 243 115 144 112 31 238 108 42 249 188 233 46 239 239 37 144 224 234 194 41  0
9 0 225 142 253 69 244 58 239 63 113 235 255 222 115 41 148 116 123 230 108 46 185 252 237 47 110 254 181 208 239 234 210 173  0
9 0 101 124 253 103 244 47 111 190 112 170 254 72 243 113 153 50 31 214 100 106 169 240 233 46 239 175 101 148 224 251 194 169  0
9 0 169 181 123 65 244 79 251 119 117 107 126 116 27 61 148 48 126 186 22 56 185 188 117 31 111 207 48 192 255 200 194 177  0
9 0 41 21 122 229 244 62 127 51 125 168 127 48 223 59 144 112 183 190 87 40 184 184 113 142 239 255 32 192 230 232 66 163  0
9 0 173 240 57 89 253 253 65 158 87 121 116 92 178 21 93 125 217 8 82 94 171 118 243 53 79 217 16 116 218 153 86 248  0
9 0 129 156 157 95 128 238 101 183 118 243 98 80 247 51 128 121 17 126 106 8 49 252 251 63 109 175 119 64 136 240 195 40  0
9 0 173 44 51 65 229 255 231 103 233 226 110 24 146 177 69 181 137 60 82 56 113 188 240 2 39 152 5 116 194 120 210 174  0
9 0 184 223 123 96 244 207 87 117 53 108 124 104 19 29 128 17 28 184 23 104 248 186 112 31 103 201 36 241 115 138 214 251  0
458 1 37 135 217 103 244 175 107 187 124 41 123 64 211 113 152 112 23 78 22 60 177 184 109 47 108 174 37 196 232 203 194 161  6.90776
458 1 105 140 125 103 180 47 111 191 116 170 126 88 243 115 144 112 31 238 108 42 249 188 233 46 239 239 37 144 224 234 194 41  6.21461
458 1 248 143 251 103 178 234 71 191 116 175 254 48 115 117 128 112 51 254 44 40 56 184 105 47 235 239 37 208 225 240 228 105  6.90776
458 1 220 76 126 103 36 14 127 188 125 170 246 0 255 91 153 112 254 228 108 106 232 180 105 63 230 255 37 148 98 187 67 41  6.90776
458 1 33 149 121 103 244 47 107 187 116 235 127 120 243 115 152 48 31 222 86 40 185 184 109 47 237 174 33 192 200 235 194 161  6.21461
458 1 252 173 125 101 180 47 111 191 116 170 126 72 211 33 145 112 123 206 108 42 233 240 105 14 238 239 101 4 96 242 66 41  6.90776
458 1 169 156 121 101 244 47 111 63 117 234 126 88 243 49 144 48 31 254 86 40 185 188 113 14 239 239 37 192 226 232 194 169  6.90776
458 1 233 141 253 101 180 47 111 63 117 234 254 72 243 51 145 112 95 230 108 42 249 248 105 14 239 239 101 20 101 250 194 41  6.21461
458 1 236 124 250 109 52 14 127 190 125 170 254 40 255 123 145 80 151 252 108 106 232 180 233 46 231 255 37 148 98 251 66 43  6.90776
459 1 33 12 225 69 116 42 235 58 127 235 115 218 243 41 148 48 123 236 118 44 185 252 237 14 108 174 177 192 237 169 82 161  6.90776
459 1 225 142 253 69 244 58 239 63 113 235 255 222 115 41 148 116 123 230 108 46 185 252 237 47 110 254 181 208 239 234 210 173  6.90776
459 1 249 174 192 103 223 122 199 111 113 230 239 154 107 97 154 180 121 230 192 174 60 254 237 174 62 239 133 51 103 238 222 204  6.90776
459 1 225 142 125 69 116 62 239 54 113 170 254 76 115 41 148 116 18 230 108 110 249 184 101 47 102 254 37 144 111 226 210 45  6.90776
460 1 101 252 253 103 244 47 119 190 114 170 254 72 211 113 153 50 31 214 108 106 169 244 233 46 239 191 101 148 224 251 194 169  6.21461
460 1 101 124 253 103 244 47 111 190 112 170 254 72 243 113 153 50 31 214 100 106 169 240 233 46 239 175 101 148 224 251 194 169  6.90776
460 1 109 124 125 103 228 63 79 190 113 234 127 72 83 113 153 51 31 214 116 106 249 246 249 46 239 255 101 52 227 251 194 161  6.90776
460 1 69 125 89 103 180 14 111 188 96 168 122 108 247 113 129 48 22 126 20 106 201 184 217 46 236 172 37 0 104 243 66 41  6.90776
460 1 101 124 253 103 244 47 119 190 113 170 254 8 211 113 153 50 29 214 100 106 169 242 233 46 239 239 101 148 224 251 194 169  6.90776
460 1 101 124 249 103 180 47 103 190 122 170 254 72 243 113 137 50 31 214 108 106 137 240 233 46 237 174 37 148 192 251 66 169  6.90776
461 1 173 6 123 97 244 47 235 123 117 43 127 86 91 57 156 56 63 142 22 188 177 188 37 222 111 207 48 196 239 200 226 161  6.90776
461 1 41 55 99 103 116 239 107 115 101 204 127 196 123 109 146 52 124 170 22 44 153 186 53 143 111 207 160 192 239 206 82 241  6.90776
461 1 185 124 121 109 116 31 95 118 81 234 116 92 59 21 145 49 126 184 6 106 233 182 112 31 247 203 97 32 123 248 66 185  6.90776
461 1 169 149 123 65 244 207 227 119 116 73 126 112 19 53 148 36 28 58 22 56 179 184 101 14 109 140 36 192 231 136 214 241  6.90776
461 1 168 94 127 117 100 127 253 182 85 74 118 100 123 61 177 57 78 122 22 106 225 188 113 175 103 251 112 0 127 248 94 185  6.90776
461 1 169 181 123 65 244 79 251 119 117 107 126 116 27 61 148 48 126 186 22 56 185 188 117 31 111 207 48 192 255 200 194 177  6.90776
461 1 161 151 125 65 244 207 239 55 85 106 126 114 19 61 148 37 94 186 22 40 249 188 101 30 102 138 164 192 127 136 208 185  6.90776
461 1 185 181 121 73 242 127 219 95 113 105 125 120 27 29 148 52 62 154 149 56 187 190 117 31 115 205 48 244 255 194 198 49  6.90776
461 1 129 189 251 81 244 206 251 87 118 77 116 52 16 151 230 48 127 58 6 24 179 184 48 79 109 140 54 224 193 128 231 243  6.90776
462 1 41 21 122 229 244 62 127 51 125 168 127 48 223 59 144 112 183 190 87 40 184 184 113 142 239 255 32 192 230 232 66 163  6.90776
462 1 72 92 250 237 52 62 123 58 125 138 254 48 255 59 129 80 183 253 93 42 232 180 225 14 214 255 49 128 98 224 66 43  6.90776
462 1 248 13 122 229 180 63 126 51 117 160 255 24 223 57 16 17 182 191 93 40 56 248 113 142 239 255 4 64 102 232 195 0  6.90776
462 1 45 21 121 101 244 62 123 51 125 232 127 32 223 61 147 112 247 190 23 60 169 176 113 142 239 255 37 196 194 234 82 225  6.90776
462 1 169 149 126 245 244 30 125 55 125 170 118 56 219 59 148 113 159 158 87 40 248 252 113 143 239 255 116 196 102 232 194 171  6.90776
462 1 120 53 122 101 180 63 127 59 125 160 255 40 255 57 145 112 190 254 76 40 184 184 97 142 255 255 33 16 230 234 66 35  6.90776
462 1 120 60 250 237 50 42 123 50 125 163 254 16 255 63 0 80 183 191 253 40 168 184 113 143 199 255 34 0 226 224 67 11  6.90776
462 1 169 149 122 229 244 30 127 55 125 232 126 24 219 59 146 113 222 158 87 44 249 184 113 142 239 255 37 196 102 232 194 233  6.90776
462 1 9 21 122 101 244 62 123 51 125 233 127 48 223 63 144 112 247 190 87 56 185 184 113 142 239 255 32 192 230 200 195 163  6.90776
463 1 169 82 121 121 100 204 105 216 115 89 116 84 51 151 249 121 86 8 54 94 131 246 242 113 71 185 112 196 120 145 98 249  6.90776
463 1 175 252 32 1 237 191 192 156 223 250 20 76 194 8 87 173 137 44 82 61 175 116 216 159 15 88 133 118 222 252 88 156  6.90776
463 1 233 208 57 120 116 204 89 188 119 73 116 28 151 151 186 120 213 156 52 88 171 62 241 21 219 251 48 76 90 128 102 121  6.90776
463 1 161 164 189 221 221 109 65 47 83 115 172 24 178 53 88 55 201 10 82 8 59 110 243 23 79 156 144 124 210 72 214 234  6.90776
463 1 173 240 57 89 253 253 65 158 87 121 116 92 178 21 93 125 217 8 82 94 171 118 243 53 79 217 16 116 218 153 86 248  6.90776
463 1 173 184 37 65 253 95 194 154 87 248 176 76 146 24 85 164 153 72 82 127 143 102 123 53 15 89 5 116 90 41 90 134  6.90776
464 1 13 188 157 87 212 238 103 183 118 243 102 16 247 115 152 121 17 110 122 56 51 252 249 63 109 175 119 68 136 240 211 168  6.90776
464 1 224 156 221 119 160 110 101 183 112 187 98 80 115 55 128 123 17 86 100 8 57 252 249 47 237 175 116 64 224 240 198 56  6.90776
464 1 129 205 71 29 132 138 100 183 124 19 98 208 243 34 176 209 67 110 40 12 113 220 7 125 228 170 246 64 24 208 224 40  6.21461
464 1 129 156 157 95 128 238 101 183 118 243 98 80 247 51 128 121 17 126 106 8 49 252 251 63 109 175 119 64 136 240 195 40  6.21461
464 1 137 156 159 95 208 238 37 191 118 243 110 80 245 243 128 121 51 126 58 8 51 252 187 63 109 175 119 64 136 224 193 168  6.90776
465 1 173 140 51 65 229 255 231 231 221 115 110 24 146 176 84 165 137 12 82 58 121 188 112 2 39 152 69 116 194 120 208 174  6.90776
465 1 173 44 51 65 229 255 231 103 233 226 110 24 146 177 69 181 137 60 82 56 113 188 240 2 39 152 5 116 194 120 210 174  6.90776
465 1 173 61 51 65 197 127 231 19 232 226 46 24 146 49 65 189 137 60 82 40 49 188 240 2 37 152 5 116 202 121 210 164  6.90776
466 1 184 223 123 96 244 207 87 117 53 108 124 104 19 29 128 17 28 184 23 104 248 186 112 31 103 201 36 241 115 138 214 251  6.90776
466 1 184 223 123 104 242 207 119 119 53 76 124 52 63 31 162 17 62 58 23 56 250 188 48 31 111 201 36 193 115 128 230 251  6.90776
466 1 185 213 121 69 244 207 207 117 85 104 126 106 19 21 148 37 92 152 22 106 249 186 97 31 103 201 161 240 119 138 212 249  6.90776

