-5.87094e-06,-3.13511e-06,-1.58524e-05
-4.37166e-06,-5.24788e-07,-1.54041e-05
-5.81955e-06,-3.85085e-06,-1.54453e-05
-6.21134e-06,-4.80475e-06,-1.49545e-05
-6.21134e-06,-4.80475e-06,-1.49545e-05
-5.3425e-06,-5.39837e-06,-1.50695e-05
-4.8493e-06,-8.96314e-06,-1.46624e-05
-4.82165e-06,-3.47244e-06,-1.48819e-05
-5.65694e-06,-5.93481e-06,-1.51432e-05
-5.66628e-06,-6.87076e-06,-1.46386e-05
-6.02342e-06,-7.56445e-06,-1.42763e-05
-6.02342e-06,-7.56445e-06,-1.42763e-05
-4.12302e-06,-1.05596e-05,-1.41858e-05
-5.50783e-06,-5.33824e-06,-1.38421e-05
-5.20729e-06,-2.90264e-06,-1.58584e-05
-5.25525e-06,-3.81778e-06,-1.58034e-05
-5.70126e-06,-4.61386e-06,-1.51002e-05
-5.63494e-06,-1.21221e-05,-1.33819e-05
-5.63494e-06,-1.21221e-05,-1.33819e-05
-5.0961e-06,-7.35152e-06,-1.39551e-05
-6.48003e-06,-6.69571e-06,-1.51922e-05
-6.2354e-06,-7.01909e-06,-1.4728e-05
-5.91013e-06,-7.11779e-06,-1.49418e-05
-5.30418e-06,-1.3927e-05,-1.36569e-05
-4.70334e-06,-9.92172e-06,-1.38485e-05
-4.70334e-06,-9.92172e-06,-1.38485e-05
-5.95316e-06,-9.53478e-06,-1.49112e-05
-5.75023e-06,-1.01396e-05,-1.47775e-05
-6.21811e-06,-1.13582e-05,-1.40467e-05
-4.74553e-06,-1.72516e-05,-1.3459e-05
-5.61461e-06,-1.24015e-05,-1.35275e-05
-5.5913e-06,-1.09671e-05,-1.5221e-05
-5.5913e-06,-1.09671e-05,-1.5221e-05
-6.74003e-06,-1.06595e-05,-1.52714e-05
-6.58033e-06,-1.06723e-05,-1.52141e-05
-6.22086e-06,-1.75501e-05,-1.37602e-05
-5.18639e-06,-1.25105e-05,-1.40849e-05
-7.03407e-06,-1.26616e-05,-1.47632e-05
-7.11837e-06,-1.24302e-05,-1.47416e-05
-7.11837e-06,-1.24302e-05,-1.47416e-05
-6.79091e-06,-1.28106e-05,-1.3749e-05
-6.56867e-06,-1.28191e-05,-1.41513e-05
-6.40059e-06,-9.65873e-06,-1.43435e-05
-6.60759e-06,-1.11863e-05,-1.37826e-05
-7.22524e-06,-1.12877e-05,-1.33655e-05
-7.28705e-06,-1.1343e-05,-1.32829e-05
-7.28705e-06,-1.1343e-05,-1.32829e-05
-7.47431e-06,-1.13316e-05,-1.33849e-05
-6.72808e-06,-1.08041e-05,-1.2447e-05
-6.79372e-06,-1.047e-05,-1.26365e-05
-6.94955e-06,-1.06448e-05,-1.23838e-05
-5.79896e-06,-1.05084e-05,-1.26842e-05
-7.16029e-06,-1.07917e-05,-1.31794e-05
-7.16029e-06,-1.07917e-05,-1.31794e-05
-7.60968e-06,-1.17793e-05,-1.20592e-05
-7.41056e-06,-1.17963e-05,-1.21842e-05
-7.26924e-06,-1.17097e-05,-1.23828e-05
-7.55192e-06,-1.16051e-05,-1.21114e-05
-6.27881e-06,-1.09571e-05,-1.31951e-05
-5.73307e-06,-1.10455e-05,-1.26853e-05
-5.73307e-06,-1.10455e-05,-1.26853e-05
-5.67165e-06,-1.1184e-05,-1.2011e-05
-6.23312e-06,-1.18378e-05,-1.24283e-05
-6.23721e-06,-1.20786e-05,-1.25376e-05
-6.87757e-06,-1.2164e-05,-1.26042e-05
-5.86469e-06,-1.21419e-05,-1.26185e-05
-5.17134e-06,-1.24983e-05,-1.232e-05
-5.17134e-06,-1.24983e-05,-1.232e-05
-5.14011e-06,-1.28433e-05,-1.2156e-05
-5.03894e-06,-1.30951e-05,-1.22565e-05
-5.28942e-06,-1.21342e-05,-1.262e-05
-5.3255e-06,-1.29809e-05,-1.18629e-05
-5.21589e-06,-1.30827e-05,-1.1851e-05
-4.99682e-06,-1.30148e-05,-1.1857e-05
-4.99682e-06,-1.30148e-05,-1.1857e-05
-4.90054e-06,-1.30342e-05,-1.20916e-05
-5.24534e-06,-1.28583e-05,-1.21854e-05
-5.00353e-06,-1.27937e-05,-1.13489e-05
-4.98831e-06,-1.22339e-05,-1.13907e-05
-4.53131e-06,-1.21556e-05,-1.14482e-05
-5.0285e-06,-1.33968e-05,-1.10008e-05
-5.0285e-06,-1.33968e-05,-1.10008e-05
-5.0509e-06,-1.26367e-05,-1.17488e-05
-4.6526e-06,-1.15365e-05,-1.1788e-05
-4.87369e-06,-3.72728e-06,-2.01671e-05
-4.76122e-06,-4.34747e-06,-2.00943e-05
-4.77414e-06,-4.14212e-06,-1.99899e-05
-3.5075e-07,2.12919e-05,-2.74671e-05
-3.5075e-07,2.12919e-05,-2.74671e-05
-1.56008e-09,2.20696e-05,-2.78057e-05
2.52584e-06,1.25226e-05,-1.9863e-05
2.47363e-06,1.24197e-05,-1.97354e-05
3.00019e-06,1.2808e-05,-1.99712e-05
3.12245e-06,1.40072e-05,-2.04093e-05
2.77531e-06,1.61193e-05,-2.08896e-05
2.77531e-06,1.61193e-05,-2.08896e-05
2.6319e-06,1.53871e-05,-2.09398e-05
2.50059e-06,1.50261e-05,-2.07411e-05
3.30583e-06,1.57623e-05,-2.08113e-05
3.16511e-06,1.4899e-05,-2.06673e-05
3.30223e-06,1.46795e-05,-2.04626e-05
3.33381e-06,1.52042e-05,-2.05439e-05
3.30486e-06,1.51889e-05,-2.05829e-05
3.42393e-06,1.42487e-05,-2.00951e-05
0.000109607,-0.00024931,0.000238916
0.000878302,-0.000310739,0.00241581
0.00120752,-0.00126298,0.0136536
0.00209277,-0.00186657,0.0334646
0.00237946,-0.00266153,0.0600844
0.00300777,-0.00348151,0.0968897
0.00336847,-0.00408991,0.140584
0.00368178,-0.00571142,0.189768
0.00364923,-0.00689069,0.249918
0.00321599,-0.00850671,0.317292
0.00357702,-0.00992515,0.388088
0.00364446,-0.0117991,0.471218
0.00354371,-0.0141215,0.559033
0.00328073,-0.0155119,0.643498
0.00442283,-0.0182432,0.729861
0.00464386,-0.0208895,0.811294
0.0058602,-0.0226439,0.887614
0.00675426,-0.0245404,0.966521
0.00673181,-0.0271465,1.04145
0.00865579,-0.0300221,1.10752
0.0102271,-0.0309057,1.17544
0.0105628,-0.0342348,1.24247
0.0117205,-0.0366049,1.30305
0.0130286,-0.0390352,1.36466
0.0147677,-0.0419213,1.42295
0.0170514,-0.0437691,1.47658
0.0179778,-0.0467882,1.53336
0.020826,-0.0483332,1.58729
0.0225971,-0.0501811,1.63766
0.0251726,-0.0520204,1.68968
0.0262168,-0.0536957,1.74048
0.0273932,-0.0552246,1.78636
0.0296388,-0.0567184,1.83193
0.0309211,-0.0590969,1.87486
0.0323004,-0.0614494,1.91416
0.0346661,-0.0631833,1.95578
0.0359479,-0.0652778,1.99635
0.0377579,-0.0671871,2.03174
0.039142,-0.06966,2.07109
0.0407607,-0.0714442,2.10585
0.0422858,-0.0726411,2.1389
0.0431777,-0.0739942,2.17266
0.0443053,-0.0765728,2.20667
0.0451334,-0.0777179,2.23715
0.0465787,-0.079515,2.26858
0.0466831,-0.0804401,2.29732
0.0461701,-0.0808008,2.32777
0.0468291,-0.0832202,2.35446
0.0483034,-0.0845773,2.38138
0.0484055,-0.0853134,2.40477
0.0495894,-0.0848056,2.42909
0.0503119,-0.0858688,2.45264
0.0506848,-0.0868071,2.47371
0.0522913,-0.0879346,2.49426
0.0535262,-0.089792,2.51481
0.0544086,-0.0906778,2.53251
0.0549803,-0.0900345,2.5499
0.0542988,-0.0920161,2.56951
0.0549174,-0.0929948,2.58593
0.0556969,-0.0937772,2.60303
0.0562806,-0.0945446,2.61799
0.0569364,-0.0952599,2.63064
0.0568913,-0.0959293,2.64451
0.057285,-0.0970437,2.65807
0.0578587,-0.0978948,2.66942
0.0580611,-0.0972035,2.68094
0.0580105,-0.0986837,2.69329
0.0579286,-0.0989642,2.70504
0.0576152,-0.100126,2.71337
0.0578058,-0.100261,2.72522
0.0574017,-0.100369,2.73588
0.0579328,-0.100094,2.74502
0.0593528,-0.100855,2.75309
0.0596722,-0.101394,2.76087
0.0594367,-0.101812,2.76704
0.059199,-0.102137,2.77405
0.0593026,-0.10264,2.7808
0.0600523,-0.10298,2.78689
0.0600732,-0.104503,2.79209
0.0594356,-0.104733,2.79726
0.0594424,-0.105105,2.80328
0.0591498,-0.10554,2.80788
0.0591008,-0.105487,2.81169
0.0589832,-0.105622,2.81655
0.0582234,-0.105935,2.8207
0.0576548,-0.106135,2.82442
0.0574618,-0.106402,2.82843
0.0575544,-0.107008,2.83052
0.0575072,-0.106946,2.83502
0.0570791,-0.10715,2.83936
0.0561858,-0.106346,2.84252
0.0556249,-0.106312,2.84487
0.0559124,-0.105886,2.84878
0.0552712,-0.105566,2.85098
0.0539965,-0.10455,2.85302
0.0535719,-0.104346,2.85538
0.0530783,-0.103868,2.85755
0.0523143,-0.103317,2.85943
0.0514451,-0.102939,2.86128
0.0509947,-0.1024,2.86294
0.0502657,-0.102092,2.86459
0.0493903,-0.101963,2.86647
0.0487409,-0.101883,2.86855
0.0479266,-0.101606,2.86967
0.0473085,-0.100753,2.87064
0.0461325,-0.100513,2.87177
0.0450909,-0.10014,2.87305
0.0438617,-0.099854,2.87464
0.0427935,-0.0992637,2.8758
0.0423951,-0.0994537,2.87753
0.0417116,-0.0979276,2.87818
0.0402479,-0.0974325,2.87883
0.0393534,-0.0970343,2.88
0.0386315,-0.0962836,2.88091
0.0372215,-0.0956371,2.88191
0.0361952,-0.094728,2.88247
0.0350483,-0.0939586,2.88331
0.0340565,-0.0932569,2.88412
0.0328997,-0.0926875,2.88449
0.0316511,-0.0920577,2.88508
0.030533,-0.0911741,2.88538
0.0296031,-0.0902446,2.88573
0.0281927,-0.0896784,2.88588
0.0271624,-0.0887734,2.88607
0.0261016,-0.0882762,2.88669
0.0251551,-0.0878394,2.88702
0.0237046,-0.0871545,2.88696
0.0223953,-0.0867945,2.88724
0.0209884,-0.0865881,2.88766
0.0198666,-0.0859946,2.88767
0.0166236,-0.0841898,2.88931
0.0151299,-0.083781,2.8895
0.0135733,-0.0839633,2.88819
0.0121776,-0.083447,2.88853
0.0109247,-0.0830433,2.88863
0.00921472,-0.0824445,2.8882
0.0085497,-0.081204,2.88794
0.00907992,-0.0801707,2.88786
0.0114603,-0.0792685,2.88785
0.0147029,-0.0808081,2.88783
0.0204345,-0.0799163,2.88772
0.0292374,-0.0789191,2.88841
0.0387507,-0.078717,2.88887
0.0499521,-0.0785979,2.88897
0.0632095,-0.0785563,2.88904
0.0780658,-0.0792105,2.88913
0.0932305,-0.0790443,2.89044
0.108853,-0.0793944,2.89149
0.125739,-0.0791773,2.89049
0.145932,-0.0796277,2.89022
0.168017,-0.0791105,2.88914
0.191372,-0.0781148,2.88803
0.217922,-0.0782885,2.88748
0.245994,-0.078004,2.88675
0.274802,-0.0776919,2.88569
0.307971,-0.0781094,2.88516
0.343474,-0.0774117,2.8831
0.343474,-0.0774117,2.8831
0.378687,-0.0774222,2.88173
0.417938,-0.0775313,2.88059
0.458903,-0.0776628,2.87902
0.499117,-0.0787324,2.87888
0.542754,-0.0794118,2.87822
0.542754,-0.0794118,2.87822
0.588419,-0.0794262,2.87738
0.63292,-0.0793905,2.8759
0.681179,-0.0797013,2.87471
0.729607,-0.0801643,2.87371
0.774929,-0.0802011,2.87273
0.824329,-0.0810784,2.87245
0.824329,-0.0810784,2.87245
0.873302,-0.0830661,2.87299
0.923096,-0.0828295,2.87284
0.976339,-0.0845934,2.87303
1.03062,-0.0849491,2.87274
1.08185,-0.0859744,2.87263
1.13666,-0.0874184,2.8725
1.13666,-0.0874184,2.8725
1.19433,-0.0868757,2.87177
1.24581,-0.0875224,2.87218
1.30358,-0.0897557,2.87308
1.36363,-0.0877938,2.87105
1.42288,-0.085779,2.87024
1.48028,-0.0859783,2.87041
1.48028,-0.0859783,2.87041
1.53849,-0.0872017,2.87128
1.59193,-0.0922375,2.87601
1.65351,-0.0902681,2.87483
1.71475,-0.0884679,2.87284
1.77508,-0.0871228,2.87276
1.83932,-0.0841665,2.87167
1.83932,-0.0841665,2.87167
1.89764,-0.0840986,2.87057
1.95671,-0.0820522,2.8698
2.01649,-0.0819509,2.87089
2.07772,-0.0813624,2.87093
2.13603,-0.0824023,2.87368
2.20118,-0.0781771,2.87152
2.20118,-0.0781771,2.87152
2.26303,-0.0801177,2.87389
2.32288,-0.0798718,2.87345
2.38811,-0.0777078,2.87162
2.45116,-0.0760639,2.87146
2.51535,-0.0726677,2.86845
2.58198,-0.0684312,2.86667
2.58198,-0.0684312,2.86667
2.6452,-0.0681403,2.86552
2.70677,-0.0674239,2.86468
2.77106,-0.0669989,2.86797
2.83168,-0.070346,2.8714
2.89292,-0.073463,2.8735
2.95586,-0.0765485,2.87586
2.95586,-0.0765485,2.87586
3.01969,-0.0781065,2.87601
3.08102,-0.0782516,2.87512
3.15093,-0.0752579,2.87329
3.22146,-0.0672223,2.86743
3.28495,-0.0684996,2.87182
3.35552,-0.0621367,2.86779
3.35552,-0.0621367,2.86779
3.42108,-0.0619177,2.86793
3.48613,-0.0633279,2.86733
3.55351,-0.066414,2.86873
3.62071,-0.0686272,2.86877
3.68406,-0.0685931,2.86502
3.74644,-0.0694817,2.86858
3.74644,-0.0694817,2.86858
3.81003,-0.0671851,2.86965
3.86869,-0.0676201,2.87124
3.93312,-0.0700897,2.87261
3.99692,-0.0732104,2.87574
4.05597,-0.0757141,2.87785
4.12129,-0.0810149,2.88369
4.12129,-0.0810149,2.88369
4.18738,-0.0854234,2.88723
4.24857,-0.0863097,2.88831
4.31601,-0.085974,2.88892
4.38034,-0.0895479,2.89136
4.44559,-0.0947795,2.8961
4.51011,-0.102263,2.90225
4.51011,-0.102263,2.90225
4.57733,-0.104279,2.90301
4.64081,-0.110443,2.90876
4.71026,-0.113303,2.91142
4.77457,-0.112992,2.91115
4.8376,-0.113674,2.9122
4.90487,-0.114044,2.91276
4.90487,-0.114044,2.91276
4.96956,-0.117712,2.91627
5.02991,-0.1199,2.91895
5.09735,-0.1201,2.91856
5.16118,-0.126708,2.92476
5.22233,-0.13129,2.92785
5.28856,-0.134946,2.9311
5.28856,-0.134946,2.9311
5.35928,-0.136991,2.93258
5.42788,-0.14174,2.93786
5.49312,-0.145089,2.94007
5.56219,-0.153154,2.94726
5.61568,-0.160288,2.95473
5.6847,-0.163168,2.95847
5.6847,-0.163168,2.95847
5.76052,-0.160957,2.95935
5.83307,-0.158768,2.95952
5.9008,-0.162136,2.96387
5.97205,-0.163987,2.96696
6.04136,-0.162994,2.96747
6.11525,-0.160548,2.96826
6.11525,-0.160548,2.96826
6.19365,-0.158097,2.96758
6.26528,-0.157593,2.96964
6.33559,-0.16832,2.97807
6.41061,-0.167328,2.97827
6.47837,-0.171467,2.98331
6.55097,-0.175798,2.98963
6.55097,-0.175798,2.98963
6.6201,-0.183117,2.99738
6.69101,-0.187078,3.00052
6.76073,-0.185986,3.00321
6.84178,-0.186588,3.00545
6.90822,-0.191445,3.00995
6.98394,-0.196152,3.01484
6.98394,-0.196152,3.01484
7.05544,-0.19957,3.01862
7.12427,-0.204776,3.02376
7.19746,-0.206878,3.0255
7.27717,-0.209095,3.0291
7.3387,-0.21594,3.03625
7.41302,-0.217025,3.03905
7.41302,-0.217025,3.03905
7.48888,-0.221582,3.04539
7.55989,-0.222479,3.04873
7.63586,-0.222954,3.04852
7.70939,-0.221388,3.04901
7.77577,-0.22179,3.04989
7.8529,-0.222828,3.05157
7.8529,-0.222828,3.05157
7.92654,-0.21801,3.04848
7.99895,-0.220964,3.05349
8.06677,-0.226572,3.05721
8.13937,-0.232634,3.06265
8.20932,-0.232221,3.06286
8.28671,-0.235694,3.06597
8.28671,-0.235694,3.06597
8.36163,-0.240957,3.07107
8.43368,-0.238354,3.06934
8.50968,-0.238687,3.06965
8.58806,-0.238899,3.07029
8.65873,-0.238971,3.06977
8.73284,-0.242954,3.07219
8.73284,-0.242954,3.07219
8.81041,-0.249007,3.07494
8.8825,-0.253118,3.07769
8.96176,-0.256538,3.07905
9.03846,-0.258903,3.07951
9.11456,-0.249421,3.07043
9.19263,-0.250471,3.06945
9.19263,-0.250471,3.06945
9.26724,-0.253507,3.07031
9.33517,-0.255163,3.07099
9.40936,-0.258238,3.07227
9.48701,-0.259411,3.07195
9.55926,-0.260688,3.07087
9.63454,-0.265477,3.0705
9.71122,-0.271475,3.07391
9.78451,-0.272313,3.0714
9.86283,-0.276688,3.07322
9.93968,-0.281615,3.07465
10.0158,-0.285239,3.07622
10.0971,-0.285004,3.07361
10.1718,-0.289724,3.07465
10.2431,-0.295096,3.07643
10.325,-0.292978,3.072
10.399,-0.296786,3.07436
10.4716,-0.298926,3.0728
10.5445,-0.308655,3.07732
10.6109,-0.31914,3.08588
10.6865,-0.324029,3.08615
10.7689,-0.326078,3.08642
10.8542,-0.319162,3.07983
10.9342,-0.318499,3.0756
11.0115,-0.320833,3.07478
11.0835,-0.327024,3.07873
11.1572,-0.331617,3.07921
11.2371,-0.331942,3.07628
11.3178,-0.328446,3.07059
11.3888,-0.330953,3.07127
11.4708,-0.330729,3.06777
11.5499,-0.33076,3.06626
11.6244,-0.334432,3.06682
11.7005,-0.338819,3.06586
11.7699,-0.346105,3.06816
11.8451,-0.347586,3.06634
11.9223,-0.350106,3.06449
12.0022,-0.353175,3.06395
12.0777,-0.352543,3.06063
12.1586,-0.353541,3.05881
12.2468,-0.349557,3.05326
12.3221,-0.351784,3.05169
12.4059,-0.347566,3.04689
12.4803,-0.341443,3.04049
12.5479,-0.346622,3.04085
12.6258,-0.342571,3.03715
12.7042,-0.347513,3.03498
12.7743,-0.349092,3.03471
12.8545,-0.349935,3.03388
12.9296,-0.351315,3.0319
13.0028,-0.355111,3.03059
13.0834,-0.358425,3.02965
13.1656,-0.361738,3.02901
13.2411,-0.364761,3.02758
13.3182,-0.367748,3.02693
13.3939,-0.368388,3.02453
13.4657,-0.369113,3.02198
13.5401,-0.373102,3.02073
13.617,-0.372352,3.01721
13.6871,-0.374271,3.01691
13.7649,-0.372015,3.01256
13.8406,-0.370869,3.01
13.9131,-0.370116,3.00707
13.9863,-0.373179,3.00593
14.0628,-0.37577,3.00521
14.1318,-0.383197,3.00869
14.2086,-0.387465,3.00816
14.2867,-0.390445,3.0091
14.3619,-0.391517,3.00652
14.4378,-0.390694,3.00305
14.5168,-0.390545,2.99928
14.5969,-0.384926,2.99217
14.6772,-0.386802,2.98979
14.7592,-0.385326,2.98554
14.8338,-0.382891,2.98012
14.9109,-0.38318,2.9767
14.9891,-0.384297,2.97542
15.0698,-0.378691,2.96908
15.1484,-0.38246,2.96857
15.2287,-0.381974,2.96548
15.3021,-0.384249,2.96393
15.3844,-0.384481,2.96148
15.4672,-0.380909,2.95516
15.5489,-0.381064,2.9523
15.6287,-0.388519,2.95365
15.7097,-0.387704,2.94847
15.7881,-0.387134,2.94348
15.8675,-0.389531,2.94258
15.9471,-0.390916,2.93841
16.0179,-0.390781,2.93573
16.0957,-0.390265,2.92982
16.1767,-0.388264,2.92359
16.2553,-0.388363,2.91855
16.3369,-0.385939,2.91102
16.4146,-0.388115,2.90789
16.4846,-0.392995,2.90808
16.5673,-0.392316,2.90386
16.6474,-0.392229,2.90096
16.7193,-0.393538,2.89816
16.7965,-0.396531,2.89642
16.8742,-0.399802,2.89522
16.9493,-0.398743,2.8893
17.0292,-0.3992,2.8862
17.1136,-0.397151,2.88133
17.1928,-0.393997,2.87542
17.2745,-0.392287,2.87041
17.357,-0.390257,2.86192
17.4334,-0.385358,2.85403
17.5143,-0.384803,2.84872
17.595,-0.380198,2.84083
17.671,-0.37541,2.83549
17.7469,-0.378942,2.83393
17.8236,-0.380736,2.83193
17.8978,-0.382427,2.82953
17.9747,-0.387546,2.82849
18.0567,-0.388252,2.8262
18.1316,-0.391038,2.8262
18.2177,-0.384229,2.81813
18.2978,-0.383707,2.81454
18.3779,-0.372775,2.80423
18.4592,-0.374431,2.80104
18.5313,-0.371696,2.79687
18.6028,-0.373132,2.79432
18.6811,-0.373796,2.79157
18.7597,-0.377776,2.79098
18.8365,-0.376337,2.78604
18.9134,-0.379608,2.7847
18.9886,-0.384806,2.78481
19.0634,-0.38728,2.78393
19.1462,-0.384001,2.77774
19.2257,-0.385629,2.77521
19.2976,-0.388868,2.77424
19.378,-0.384337,2.7669
19.4545,-0.385839,2.76452
19.5349,-0.38047,2.75674
19.6171,-0.379792,2.75399
19.6999,-0.379086,2.74822
19.7821,-0.375463,2.74286
19.854,-0.380512,2.7445
19.9312,-0.382075,2.7412
20.0088,-0.382744,2.73755
20.085,-0.384608,2.73663
20.1661,-0.379026,2.73013
20.2431,-0.376555,2.72495
20.3259,-0.375336,2.72092
20.4061,-0.376949,2.72013
20.4869,-0.370425,2.71282
20.5671,-0.369835,2.70971
20.6504,-0.365496,2.70394
20.7218,-0.368343,2.70298
20.8005,-0.367763,2.6995
20.8841,-0.365076,2.6957
20.9616,-0.358627,2.68918
21.0437,-0.353424,2.68327
21.1243,-0.352408,2.68001
21.2019,-0.353725,2.67686
21.2841,-0.351728,2.67358
21.365,-0.351442,2.6698
21.4402,-0.352687,2.6679
21.5189,-0.35288,2.66513
21.6012,-0.350937,2.66135
21.6803,-0.348417,2.65633
21.7599,-0.346793,2.65273
21.8398,-0.346448,2.65019
21.9158,-0.346207,2.64789
21.9933,-0.353716,2.65096
21.9933,-0.353716,2.65096
22.0775,-0.350376,2.64755
22.1482,-0.353988,2.64864
22.232,-0.344721,2.63997
22.3034,-0.351226,2.64342
22.3838,-0.342286,2.63394
22.4616,-0.339813,2.63024
22.4616,-0.339813,2.63024
23.0563,-0.360634,2.73236
23.1327,-0.358871,2.72677
23.2133,-0.355255,2.72084
23.288,-0.356293,2.71686
23.3598,-0.358244,2.71488
23.4361,-0.357887,2.71053
23.4361,-0.357887,2.71053
23.9659,-0.381987,2.81528
24.0425,-0.380959,2.80742
24.1182,-0.385886,2.80474
24.1976,-0.386557,2.79846
24.2716,-0.388907,2.79451
24.346,-0.394695,2.79296
24.346,-0.394695,2.79296
24.7171,-0.399256,2.89543
24.7907,-0.400678,2.89064
24.8689,-0.405355,2.88804
24.9515,-0.406197,2.88273
25.0234,-0.412409,2.88189
25.106,-0.412889,2.87507
25.106,-0.412889,2.87507
25.371,-0.396553,2.96503
25.4435,-0.398193,2.96144
25.5224,-0.398813,2.95695
25.606,-0.396863,2.95134
25.6793,-0.394166,2.94491
25.6793,-0.394166,2.94491
25.9121,-0.406712,3.02078
25.9887,-0.409585,3.01783
26.0635,-0.41009,3.01444
26.1429,-0.406419,3.00781
26.2244,-0.403146,3.00108
26.298,-0.402547,2.99639
26.3802,-0.400913,2.99113
26.3802,-0.400913,2.99113
26.5412,-0.40304,3.05653
26.6151,-0.401853,3.05131
26.6991,-0.396884,3.04406
26.781,-0.394124,3.03886
26.8585,-0.393093,3.03326
26.8585,-0.393093,3.03326
27.0429,-0.396641,3.08173
27.1217,-0.397526,3.07755
27.1977,-0.393429,3.07126
27.2733,-0.396159,3.06944
27.3475,-0.39456,3.06487
27.416,-0.39582,3.06224
27.416,-0.39582,3.06224
27.5815,-0.405456,3.10825
27.657,-0.404341,3.10441
27.7262,-0.405557,3.10262
27.8057,-0.405133,3.09892
27.8901,-0.400632,3.0929
27.9645,-0.398129,3.08897
27.9645,-0.398129,3.08897
28.1199,-0.406214,3.1275
28.191,-0.412349,3.13031
28.2606,-0.419113,3.13
28.3321,-0.427855,3.13461
28.4115,-0.427469,3.13093
28.4916,-0.423067,3.12565
28.4916,-0.423067,3.12565
28.6468,-0.403726,3.15149
28.7237,-0.402349,3.14892
28.7932,-0.402613,3.14902
28.8697,-0.40236,3.14803
28.946,-0.401976,3.14908
29.0145,-0.404771,3.14945
29.0145,-0.404771,3.14945
29.172,-0.400625,3.17224
29.2517,-0.394256,3.16767
29.327,-0.384431,3.16187
29.4028,-0.380536,3.16013
29.4903,-0.366023,3.14944
29.5602,-0.36089,3.14764
29.5602,-0.36089,3.14764
29.7121,-0.394539,3.16793
29.7892,-0.394403,3.16599
29.8559,-0.395812,3.16599
29.9264,-0.399445,3.16759
30.0057,-0.392027,3.16009
30.0777,-0.393311,3.16521
30.0777,-0.393311,3.16521
30.2366,-0.395954,3.18406
30.3131,-0.393652,3.18207
30.386,-0.397338,3.18254
30.4595,-0.397884,3.18341
30.5355,-0.397874,3.184
30.6095,-0.39773,3.18543
30.6835,-0.401453,3.19003
30.7596,-0.402775,3.19126
30.8299,-0.404114,3.19218
30.8299,-0.404114,3.19218
30.8728,-0.391262,3.211
30.9478,-0.390253,3.21241
31.016,-0.391283,3.215
31.0943,-0.386362,3.21401
31.1724,-0.380344,3.21253
31.2468,-0.374355,3.21351
31.2468,-0.374355,3.21351
31.3565,-0.374995,3.22095
31.4296,-0.373436,3.22404
31.4926,-0.377882,3.22993
31.57,-0.375786,3.23263
31.6464,-0.375195,3.23376
31.7153,-0.375993,3.23699
31.7153,-0.375993,3.23699
31.8533,-0.366357,3.24504
31.9274,-0.364323,3.2475
31.9963,-0.363009,3.24835
32.0724,-0.357836,3.24866
32.1505,-0.354275,3.25059
32.2194,-0.353118,3.25536
32.2194,-0.353118,3.25536
32.3672,-0.363468,3.26453
32.449,-0.356621,3.26215
32.5185,-0.357246,3.26488
32.5982,-0.350907,3.26389
32.6769,-0.344889,3.26246
32.7543,-0.336898,3.2611
32.7543,-0.336898,3.2611
32.9024,-0.351508,3.26758
32.9837,-0.346523,3.26546
33.0632,-0.341834,3.26225
33.1398,-0.342843,3.26392
33.219,-0.336774,3.2622
33.2912,-0.335471,3.26264
33.2912,-0.335471,3.26264
33.444,-0.344622,3.27455
33.5216,-0.346135,3.27705
33.5928,-0.346555,3.27768
33.675,-0.339054,3.27239
33.7441,-0.346304,3.27675
33.8205,-0.340049,3.27234
33.8205,-0.340049,3.27234
33.9785,-0.327704,3.28006
34.0526,-0.330606,3.28199
34.1251,-0.331613,3.28248
34.2077,-0.322548,3.27769
34.2896,-0.315653,3.27247
34.362,-0.314836,3.27043
34.362,-0.314836,3.27043
34.5266,-0.314672,3.27793
34.6132,-0.299626,3.26609
34.7009,-0.288981,3.25916
34.7741,-0.282306,3.25412
34.8535,-0.281181,3.25384
34.9278,-0.27865,3.25362
34.9278,-0.27865,3.25362
35.0705,-0.30781,3.26868
35.1491,-0.308044,3.26752
35.2248,-0.306705,3.26539
35.3067,-0.304433,3.262
35.384,-0.306154,3.26159
35.4597,-0.306188,3.26259
35.4597,-0.306188,3.26259
35.6082,-0.297847,3.27439
35.6893,-0.291479,3.26799
35.7693,-0.286147,3.26303
35.8485,-0.279876,3.25817
35.9277,-0.279206,3.25695
36.0027,-0.275271,3.25204
36.0858,-0.264315,3.24574
36.167,-0.257479,3.23988
36.2393,-0.259545,3.23953
36.3208,-0.254013,3.23968
36.4,-0.258711,3.24502
36.4734,-0.251336,3.24212
36.5473,-0.250817,3.24238
36.6229,-0.248858,3.24186
36.6952,-0.247801,3.24192
36.7722,-0.244377,3.24005
36.8497,-0.242818,3.23899
36.9189,-0.246971,3.24352
36.9935,-0.249214,3.24481
37.0776,-0.239487,3.2409
37.1546,-0.238777,3.24223
37.233,-0.24028,3.24212
37.3175,-0.230181,3.239
37.3921,-0.226834,3.2362
37.4705,-0.226175,3.23703
37.5548,-0.22053,3.23486
37.6304,-0.219206,3.23309
37.7051,-0.217593,3.23424
37.7875,-0.208771,3.23417
37.8674,-0.209178,3.23688
37.9379,-0.202741,3.23566
38.013,-0.200109,3.23661
38.0902,-0.200742,3.24025
38.1611,-0.20323,3.24406
38.2428,-0.197609,3.24251
38.3182,-0.194403,3.24105
38.3984,-0.189047,3.24091
38.4801,-0.183032,3.23696
38.557,-0.183301,3.23861
38.64,-0.176836,3.23901
38.7179,-0.17819,3.24094
38.7927,-0.176689,3.24124
38.879,-0.169371,3.23664
38.9618,-0.165519,3.23595
39.0376,-0.16022,3.23425
39.1243,-0.153409,3.2319
39.1992,-0.150925,3.23386
39.2697,-0.156105,3.23571
39.3519,-0.150584,3.23367
39.4394,-0.138199,3.22734
39.5178,-0.134918,3.2256
39.5998,-0.128063,3.22381
39.6798,-0.124228,3.22322
39.7571,-0.11625,3.21817
39.837,-0.107275,3.21539
39.9154,-0.103895,3.21371
39.9889,-0.099586,3.21388
40.0646,-0.100091,3.21642
40.1373,-0.0984463,3.21885
40.2079,-0.0994552,3.22246
40.2928,-0.0876556,3.2172
40.3697,-0.083382,3.21444
40.4478,-0.073908,3.21018
40.5285,-0.0691379,3.20833
40.6086,-0.0641603,3.20571
40.6819,-0.055183,3.20243
40.7544,-0.053018,3.20234
40.8316,-0.0476752,3.20287
40.9143,-0.038905,3.19761
40.9898,-0.0320556,3.19441
41.07,-0.0263242,3.19357
41.1425,-0.0243103,3.19258
41.2233,-0.0159741,3.19163
41.3025,-0.0083514,3.18973
41.3759,-0.00468692,3.18923
41.4519,-0.000665955,3.18877
41.5337,0.0025018,3.18809
41.6055,0.0107661,3.18539
41.6783,0.00608875,3.1895
41.7574,0.00984984,3.19215
41.8351,0.0157714,3.19006
41.9114,0.019728,3.19181
41.9916,0.0251567,3.18997
42.0726,0.0390272,3.18064
42.1596,0.0569592,3.172
42.2452,0.0683986,3.16819
42.3194,0.0748965,3.16431
42.4036,0.0901834,3.158
42.4822,0.102652,3.15102
42.5532,0.105604,3.1533
42.6316,0.11135,3.15268
42.7154,0.122781,3.14781
42.7883,0.128575,3.14656
42.8661,0.134724,3.14497
42.9464,0.142815,3.14196
43.0187,0.149153,3.14062
43.0995,0.15557,3.14032
43.1737,0.162627,3.13996
43.2482,0.168343,3.14053
43.329,0.179364,3.13817
43.4078,0.186579,3.13572
43.4851,0.196849,3.13301
43.5693,0.206122,3.12848
43.6489,0.214101,3.12611
43.7268,0.226513,3.12254
43.8066,0.233253,3.12062
43.8864,0.240978,3.11813
43.9631,0.250194,3.11521
44.0473,0.260927,3.11048
44.1336,0.271572,3.10719
44.2044,0.27766,3.10961
44.29,0.287475,3.10844
44.3662,0.294597,3.10681
44.4426,0.302716,3.10685
44.526,0.313815,3.10221
44.6064,0.319915,3.10412
44.6807,0.328487,3.10254
44.7572,0.336864,3.10318
44.8342,0.344961,3.10281
44.9078,0.351789,3.1033
44.9881,0.36126,3.10196
45.0684,0.372669,3.10025
45.1453,0.38515,3.09653
45.2252,0.393732,3.09573
45.3059,0.40099,3.09853
45.383,0.408643,3.09995
45.4646,0.419235,3.09808
45.5436,0.426996,3.09842
45.6199,0.437961,3.0964
45.6976,0.449397,3.09454
45.7752,0.458184,3.09533
45.8484,0.465918,3.09548
45.9233,0.475795,3.09568
46.003,0.489225,3.09286
46.0755,0.504143,3.08859
46.1496,0.516466,3.08654
46.223,0.525363,3.08714
46.296,0.533828,3.08797
46.3706,0.543717,3.08965
46.4453,0.55668,3.08794
46.5149,0.571546,3.0835
46.5891,0.586532,3.07846
46.6655,0.602811,3.07575
46.7322,0.616144,3.07324
46.8016,0.627694,3.07238
46.8684,0.639605,3.07035
46.9346,0.653407,3.06632
47.0011,0.6656,3.06452
47.0641,0.673983,3.06317
47.1228,0.684007,3.06299
47.1826,0.692961,3.0643
47.2432,0.706254,3.06102
47.3013,0.722136,3.05842
47.3594,0.73593,3.05466
47.4165,0.747175,3.05378
47.4687,0.758017,3.05198
47.5268,0.767016,3.05223
47.5798,0.77637,3.05151
47.6294,0.78457,3.05195
47.6789,0.79484,3.0499
47.7307,0.808213,3.04989
47.7756,0.815732,3.04941
47.7756,0.815732,3.04941
50.1182,0.876127,3.21617
50.172,0.862737,3.21489
50.225,0.852993,3.2122
50.275,0.839512,3.20991
50.3267,0.82708,3.20829
50.3267,0.82708,3.20829
50.48,0.942192,3.24633
50.5213,0.942908,3.24475
50.564,0.945348,3.24325
50.5983,0.941208,3.24488
50.6403,0.939529,3.24635
50.6796,0.939539,3.24456
50.7159,0.938582,3.24458
50.7499,0.938261,3.24298
50.7833,0.936831,3.24122
50.7833,0.936831,3.24122
50.8239,1.01796,3.26364
50.8557,1.02582,3.26027
50.8873,1.03172,3.25918
50.9148,1.03692,3.25769
50.9426,1.04218,3.25655
50.9709,1.04775,3.25601
50.9709,1.04775,3.25601
51.0315,1.08049,3.26585
51.058,1.08869,3.26255
51.083,1.0957,3.26063
51.1022,1.10305,3.25852
51.1245,1.10845,3.25809
51.1439,1.11598,3.25514
51.1439,1.11598,3.25514
51.2018,1.13351,3.26345
51.2199,1.14213,3.25845
51.2379,1.14783,3.25716
51.2554,1.1538,3.25588
51.2704,1.15941,3.25416
51.2847,1.16672,3.25133
51.2847,1.16672,3.25133
51.341,1.17947,3.25543
51.3549,1.18652,3.25343
51.368,1.19091,3.25112
51.3789,1.19739,3.24756
51.3898,1.20265,3.24582
51.4004,1.20825,3.24334
51.4004,1.20825,3.24334
51.4505,1.2189,3.2467
51.461,1.22195,3.24595
51.4696,1.22673,3.2438
51.4785,1.23288,3.24285
51.4859,1.23583,3.24204
51.4913,1.23927,3.23786
51.4913,1.23927,3.23786
51.5265,1.24836,3.23956
51.5322,1.25144,3.23882
51.5351,1.25631,3.23561
51.5372,1.26049,3.23323
51.542,1.26541,3.23095
51.5444,1.26891,3.22806
51.5444,1.26891,3.22806
51.5763,1.27462,3.22816
51.5775,1.27854,3.22703
51.5774,1.28284,3.22487
51.5762,1.28369,3.22469
51.5753,1.28785,3.22391
51.5743,1.29035,3.2234
51.5743,1.29035,3.2234
51.5981,1.29694,3.22341
51.5953,1.29911,3.22251
51.593,1.30127,3.22285
51.5905,1.30247,3.22327
51.5865,1.30367,3.22504
51.5827,1.30442,3.22595
51.5827,1.30442,3.22595
51.5985,1.31459,3.22515
51.5926,1.31519,3.22634
51.5871,1.31657,3.228
51.5832,1.3172,3.22895
51.5767,1.31825,3.22917
51.5718,1.31821,3.23153
51.5718,1.31821,3.23153
51.5749,1.32754,3.2296
51.5676,1.32714,3.2301
51.5614,1.32683,3.23136
51.5542,1.32718,3.23268
51.5464,1.32674,3.23395
51.538,1.32641,3.23538
51.538,1.32641,3.23538
51.5379,1.3373,3.23342
51.5294,1.33655,3.23584
51.5195,1.33577,3.23685
51.5097,1.335,3.23801
51.4993,1.33373,3.23986
51.4891,1.33254,3.24081
51.4891,1.33254,3.24081
51.4848,1.34206,3.24071
51.4741,1.3409,3.24189
51.4624,1.34083,3.2429
51.4509,1.34134,3.24176
51.4405,1.33968,3.24342
51.4285,1.33776,3.2446
51.4285,1.33776,3.2446
51.4253,1.34576,3.24344
51.4138,1.34558,3.24301
51.4012,1.34244,3.24322
51.3896,1.34107,3.24393
51.3765,1.3391,3.24514
51.3641,1.33692,3.24671
51.3641,1.33692,3.24671
51.3531,1.3485,3.24671
51.3411,1.34722,3.24719
51.3262,1.34468,3.24827
51.3135,1.34309,3.25048
51.3004,1.34175,3.25165
51.2876,1.34014,3.25246
51.2876,1.34014,3.25246
51.2752,1.35144,3.25202
51.2626,1.34926,3.25373
51.2491,1.34809,3.25376
51.2356,1.34677,3.25407
51.2221,1.34548,3.2544
51.2094,1.34331,3.25721
51.2094,1.34331,3.25721
51.1971,1.34981,3.25455
51.1853,1.34857,3.25446
51.17,1.34703,3.25373
51.1596,1.34686,3.25327
51.1453,1.34416,3.25347
51.1316,1.34228,3.25273
51.1316,1.34228,3.25273
51.1131,1.35259,3.25516
51.1,1.3514,3.25369
51.0862,1.34936,3.2522
51.0737,1.34736,3.2514
51.0615,1.34513,3.25168
51.0477,1.34354,3.24992
51.0477,1.34354,3.24992
51.0323,1.3453,3.25047
51.0186,1.34454,3.24896
51.0058,1.34201,3.24952
50.9937,1.3408,3.24752
50.9803,1.34037,3.2456
50.9665,1.33655,3.24423
50.9665,1.33655,3.24423
50.9481,1.33744,3.24659
50.9362,1.33656,3.24473
50.9258,1.33325,3.24622
50.9184,1.33313,3.24803
50.9087,1.32799,3.24912
50.9015,1.32685,3.24863
50.9015,1.32685,3.24863
50.8811,1.342,3.24952
50.8743,1.34,3.24793
50.867,1.3359,3.24795
50.8625,1.33347,3.24799
50.8581,1.33046,3.24799
50.8528,1.32762,3.24779
50.8528,1.32762,3.24779
50.8306,1.38102,3.24883
50.8279,1.37823,3.24842
50.8254,1.37722,3.24576
50.8239,1.37575,3.24548
50.8207,1.37022,3.2465
50.8228,1.36821,3.24528
50.8228,1.36821,3.24528
50.8043,1.43561,3.24695
50.8043,1.43284,3.24707
50.8061,1.43088,3.24841
50.81,1.42934,3.24829
50.812,1.43025,3.24589
50.8174,1.43181,3.24366
50.8192,1.43447,3.24206
50.8241,1.43661,3.23863
50.8277,1.43768,3.23744
50.8345,1.43735,3.23724
50.8376,1.43784,3.23581
50.841,1.43725,3.23396
50.846,1.43875,3.23213
50.8519,1.44044,3.22981
50.8563,1.44083,3.23034
50.8628,1.44199,3.22783
50.8703,1.43839,3.22918
50.8804,1.44869,3.22477
50.8839,1.44791,3.22319
50.8947,1.45335,3.22269
50.9007,1.45572,3.22087
50.9066,1.455,3.2195
50.9138,1.45627,3.21692
50.9169,1.45873,3.21386
50.9212,1.45371,3.21404
50.931,1.45865,3.21209
50.9363,1.45226,3.21324
50.9449,1.45961,3.20932
50.9497,1.4624,3.20485
50.9545,1.46217,3.20253
50.9599,1.46244,3.20134
50.9668,1.46015,3.20166
50.9721,1.4646,3.19889
50.9786,1.46315,3.19933
50.9847,1.4636,3.19713
50.9891,1.46417,3.19634
50.9966,1.4649,3.1942
51.0016,1.46317,3.19143
51.0068,1.46229,3.18962
51.011,1.46392,3.18724
51.0175,1.46413,3.18585
51.0216,1.4619,3.1848
51.0263,1.45877,3.1832
51.0302,1.45751,3.18117
51.034,1.4578,3.17999
51.0369,1.4558,3.17796
51.0385,1.45551,3.17703
51.0407,1.45219,3.17601
51.0437,1.45209,3.17667
51.0459,1.45062,3.17523
51.0481,1.44722,3.17306
51.0511,1.44349,3.17161
51.0545,1.44119,3.1708
51.0582,1.43983,3.1711
51.0598,1.44025,3.17129
51.0616,1.43641,3.17066
51.0623,1.4341,3.17082
51.0626,1.43196,3.16974
51.0639,1.4284,3.16831
51.0663,1.42309,3.16744
51.0666,1.42179,3.16771
51.0683,1.41628,3.16634
51.0693,1.41185,3.16503
51.0705,1.40812,3.16469
51.0712,1.40452,3.16415
51.0729,1.39906,3.16485
51.0727,1.39593,3.16339
51.0734,1.38915,3.16285
51.0743,1.38354,3.16261
51.074,1.37927,3.16282
51.0733,1.3757,3.16203
51.0743,1.36976,3.16133
51.0741,1.36362,3.16033
51.0736,1.35969,3.15889
51.0738,1.35322,3.15907
51.0743,1.34711,3.16019
51.0738,1.34207,3.15965
51.0738,1.3381,3.15942
51.0725,1.33331,3.15787
51.0714,1.32812,3.15682
51.0705,1.32275,3.15583
51.0704,1.31778,3.15534
51.0704,1.31164,3.15453
51.0706,1.3057,3.15437
51.0705,1.29845,3.15132
51.071,1.29202,3.15183
51.0698,1.28669,3.15151
51.0689,1.28045,3.15289
51.0687,1.27363,3.15185
51.068,1.26545,3.15112
51.0684,1.2568,3.1496
51.0675,1.25153,3.14906
51.0659,1.24727,3.14698
51.0663,1.24111,3.14627
51.0668,1.235,3.14531
51.0661,1.22908,3.14489
51.0663,1.22355,3.14226
51.0655,1.2188,3.14014
51.0649,1.21429,3.13949
51.065,1.20867,3.1377
51.065,1.20261,3.13628
51.0653,1.19692,3.13477
51.0648,1.192,3.13254
51.0649,1.19017,3.13184
51.0647,1.18477,3.12964
51.0647,1.18008,3.12963
51.0654,1.17532,3.12728
51.0658,1.1709,3.12552
51.0663,1.1668,3.12421
51.0672,1.16319,3.12188
51.0676,1.15919,3.12073
51.0683,1.15449,3.119
51.0693,1.15062,3.11814
51.0704,1.14749,3.11662
51.0717,1.14563,3.11476
51.0723,1.14151,3.11489
51.0735,1.13821,3.11339
51.0752,1.13523,3.11264
51.0767,1.13312,3.11155
51.0783,1.13096,3.11105
51.0803,1.12799,3.10961
51.0819,1.12587,3.10862
51.0842,1.12489,3.10759
51.0857,1.12383,3.10763
51.088,1.12223,3.10572
51.0903,1.12095,3.10511
51.0921,1.12025,3.1048
51.0944,1.11887,3.1043
51.0965,1.11902,3.10441
51.0991,1.11896,3.1036
51.1019,1.11769,3.10329
51.1048,1.1177,3.10327
51.1072,1.11806,3.10379
51.1102,1.11764,3.10352
51.1124,1.12057,3.10354
51.1146,1.12611,3.10519
51.1164,1.13201,3.10534
51.1182,1.13944,3.10493
51.1192,1.14951,3.1052
51.1203,1.15992,3.10619
51.1197,1.17205,3.10707
51.1175,1.18595,3.10631
51.1178,1.20154,3.10644
51.1168,1.21759,3.1073
51.1171,1.23401,3.11038
51.1167,1.2536,3.11084
51.116,1.27406,3.11234
51.1153,1.29747,3.11374
51.1148,1.31834,3.11539
51.1134,1.34429,3.11689
51.1116,1.37073,3.11702
51.1096,1.40114,3.11832
51.1071,1.43353,3.11939
51.1048,1.46499,3.1214
51.1018,1.50079,3.12262
51.0991,1.53757,3.12487
51.0953,1.57393,3.12694
51.0919,1.61363,3.12844
51.0919,1.61363,3.12844
50.6096,2.17012,3.13187
50.5923,2.20643,3.13315
50.5694,2.25231,3.1334
50.5495,2.29888,3.1364
50.5316,2.33812,3.13787
50.5125,2.3822,3.13994
50.5125,2.3822,3.13994
50.5604,2.47217,3.13885
50.5471,2.51481,3.13992
50.5356,2.55876,3.14309
50.521,2.60812,3.14306
50.5102,2.65235,3.14628
50.4945,2.70504,3.14716
50.4945,2.70504,3.14716
50.5325,2.79025,3.14681
50.5209,2.8347,3.14524
50.5116,2.88445,3.14608
50.5006,2.94157,3.14894
50.4908,2.99128,3.15184
50.4831,3.04079,3.15343
50.4831,3.04079,3.15343
50.5048,3.14035,3.15135
50.4963,3.19104,3.15067
50.4891,3.24432,3.15347
50.4848,3.29298,3.15823
50.4772,3.34191,3.15829
50.4714,3.3959,3.16198
50.4714,3.3959,3.16198
50.4808,3.49944,3.15978
50.4777,3.54871,3.16534
50.4733,3.60275,3.16831
50.466,3.65596,3.16822
50.4556,3.71035,3.16704
50.45,3.76825,3.17157
50.45,3.76825,3.17157
50.4514,3.87377,3.16838
50.4471,3.92397,3.17192
50.443,3.97768,3.17506
50.4336,4.03618,3.17615
50.4271,4.08922,3.17718
50.4228,4.14538,3.17945
50.4228,4.14538,3.17945
50.4178,4.25702,3.17596
50.4083,4.31309,3.17609
50.397,4.37428,3.17618
50.3851,4.43571,3.1737
50.3742,4.49289,3.17202
50.3681,4.5514,3.17336
50.3681,4.5514,3.17336
50.3727,4.66811,3.16855
50.3676,4.72057,3.16884
50.3603,4.78175,3.16859
50.3518,4.84018,3.16887
50.3456,4.89431,3.17084
50.3367,4.95474,3.16977
50.3367,4.95474,3.16977
50.3413,5.06802,3.16906
50.3361,5.12332,3.17095
50.3328,5.18028,3.17454
50.3283,5.23726,3.17795
50.3229,5.29344,3.17819
50.3165,5.35654,3.1791
50.3165,5.35654,3.1791
50.3052,5.4806,3.17641
50.2997,5.53685,3.17694
50.2949,5.5975,3.17546
50.2889,5.65745,3.17702
50.2817,5.71734,3.17684
50.2765,5.77627,3.18223
50.2765,5.77627,3.18223
50.2713,5.89245,3.17832
50.271,5.94316,3.18435
50.268,5.99927,3.18773
50.2639,6.0584,3.19159
50.2593,6.11598,3.19428
50.2555,6.17647,3.19749
50.2555,6.17647,3.19749
50.2382,6.30349,3.19057
50.2374,6.35488,3.19712
50.2278,6.41679,3.19856
50.2249,6.47507,3.20469
50.2186,6.53227,3.20628
50.2145,6.58942,3.20979
50.2145,6.58942,3.20979
50.2046,6.72055,3.20653
50.197,6.77734,3.21023
50.1935,6.83659,3.21421
50.1893,6.89529,3.21795
50.1814,6.95283,3.22037
50.176,7.01285,3.22529
50.176,7.01285,3.22529
50.1712,7.14359,3.22204
50.1645,7.20373,3.22519
50.1591,7.26317,3.22936
50.1539,7.32305,3.23435
50.1493,7.37809,3.24059
50.1418,7.43902,3.24595
50.1418,7.43902,3.24595
50.132,7.57564,3.23748
50.128,7.6329,3.24104
50.1192,7.69379,3.24574
50.1141,7.75404,3.24969
50.1051,7.81244,3.25253
50.1007,7.87296,3.25813
50.1007,7.87296,3.25813
50.0988,8.01625,3.24926
50.0933,8.07408,3.25304
50.0899,8.12964,3.25629
50.0848,8.19005,3.26029
50.0741,8.25218,3.25942
50.0678,8.31454,3.26267
50.0678,8.31454,3.26267
50.0609,8.45695,3.25546
50.054,8.51591,3.25892
50.0489,8.57443,3.26184
50.0389,8.6383,3.26291
50.0307,8.69813,3.26566
50.0214,8.76511,3.2704
50.0214,8.76511,3.2704
50.0172,8.90926,3.2624
50.0129,8.96832,3.26647
50.0099,9.02769,3.27379
50.0065,9.08586,3.27841
50.0023,9.1425,3.28274
49.9942,9.20692,3.28569
49.9942,9.20692,3.28569
49.9856,9.357,3.28282
49.9774,9.41815,3.28875
49.9696,9.48942,3.29202
49.9642,9.55312,3.30015
49.9557,9.6161,3.30275
49.952,9.67816,3.30935
49.9406,9.74598,3.30858
49.9375,9.80369,3.3145
49.9342,9.86506,3.32031
49.9342,9.86506,3.32031
49.9535,9.94509,3.30856
49.9489,10.0032,3.31347
49.9435,10.0666,3.31798
49.937,10.1311,3.31966
49.9341,10.1904,3.3263
49.9311,10.2542,3.33339
49.9311,10.2542,3.33339
49.9222,10.3661,3.3239
49.9243,10.4212,3.33053
49.9244,10.4728,3.3375
49.9266,10.5326,3.34662
49.924,10.591,3.35406
49.9149,10.6587,3.35627
49.9149,10.6587,3.35627
49.8958,10.7963,3.34633
49.8909,10.8579,3.35021
49.8843,10.9272,3.35033
49.8803,10.9917,3.35778
49.8737,11.0492,3.36206
49.8733,11.113,3.37206
49.8733,11.113,3.37206
49.864,11.2536,3.36471
49.8545,11.3125,3.37173
49.8468,11.3758,3.36851
49.8454,11.44,3.37273
49.8394,11.5029,3.37705
49.8331,11.5627,3.37995
49.8331,11.5627,3.37995
49.827,11.7106,3.37356
49.8238,11.7716,3.37966
49.8127,11.8337,3.38291
49.8117,11.8931,3.38669
49.8163,11.9781,3.36988
49.7954,12.0116,3.35973
49.7861,12.0849,3.38643
49.7837,12.1465,3.39357
49.7773,12.2142,3.40349
49.7657,12.2836,3.39993
49.7536,12.3496,3.39865
49.7427,12.413,3.40706
49.7447,12.4817,3.40939
49.7461,12.5357,3.41486
49.7431,12.5963,3.41829
49.7226,12.6613,3.41072
49.7115,12.7196,3.41338
49.7092,12.7852,3.4197
49.7018,12.8575,3.42016
49.692,12.918,3.42049
49.6852,12.9879,3.42264
49.6825,13.0554,3.43063
49.678,13.1167,3.43368
49.672,13.1854,3.43597
49.6656,13.2532,3.43924
49.6533,13.3215,3.43852
49.6496,13.3836,3.44409
49.6426,13.4529,3.44695
49.64,13.5151,3.45154
49.6269,13.5818,3.45176
49.6243,13.6473,3.45738
49.6178,13.7139,3.46248
49.612,13.7841,3.46572
49.6031,13.8527,3.46747
49.6007,13.9157,3.47484
49.5928,13.9795,3.47693
49.5897,14.0448,3.48019
49.579,14.1149,3.47643
49.5761,14.1777,3.48065
49.5747,14.2398,3.4891
49.5664,14.3096,3.49098
49.56,14.3745,3.49641
49.511,14.3203,3.51856
49.5011,14.4307,3.4875
49.4968,14.4952,3.49031
49.4934,14.5839,3.46887
49.4856,14.634,3.48639
49.3563,14.5191,3.48539
49.3646,14.567,3.5042
49.3675,14.604,3.51221
49.3547,14.6694,3.5118
49.3466,14.7302,3.51462
49.3512,14.7626,3.50445
49.3474,14.8075,3.50753
49.3391,14.865,3.50398
49.3346,14.9125,3.50565
49.3352,14.962,3.50733
49.332,14.9842,3.49556
49.3318,15.0229,3.49576
49.3286,15.0601,3.49384
49.3257,15.1011,3.50005
49.3263,15.1344,3.50541
49.3269,15.1628,3.50218
49.3274,15.1884,3.50245
49.3259,15.1983,3.49178
49.3272,15.2319,3.4998
49.3299,15.2521,3.49848
49.3311,15.2687,3.49872
49.3335,15.2823,3.49745
49.3339,15.2934,3.49549
49.3372,15.3004,3.49363
49.3419,15.3097,3.49408
49.3455,15.3166,3.49415
49.3498,15.3203,3.49445
49.3553,15.3232,3.4933
49.3591,15.3302,3.49253
49.3658,15.3309,3.49349
49.3728,15.3314,3.49351
49.3804,15.332,3.49351
49.3847,15.332,3.49346
49.3894,15.332,3.49349
49.4022,15.3182,3.48847
49.4088,15.313,3.48983
49.4174,15.3063,3.48822
49.4236,15.2994,3.48829
49.4325,15.2897,3.48609
49.4412,15.2823,3.48723
49.4483,15.2728,3.48589
49.4572,15.2585,3.48331
49.4649,15.2449,3.48075
49.4726,15.2321,3.48107
49.48,15.2202,3.4788
49.4892,15.2044,3.47582
49.4973,15.1899,3.47411
49.5054,15.1754,3.47264
49.5142,15.1586,3.46941
49.5227,15.1437,3.46925
49.5336,15.1289,3.46954
49.5435,15.1101,3.4673
49.55,15.092,3.46349
49.5588,15.0755,3.46285
49.5659,15.057,3.46111
49.5729,15.0385,3.45894
49.5799,15.0191,3.45609
49.5902,14.9966,3.45095
49.5996,14.9753,3.44893
49.6057,14.9568,3.44687
49.6159,14.9365,3.4444
49.6227,14.9111,3.43799
49.6284,14.8907,3.4342
49.6371,14.8703,3.43182
49.6464,14.8468,3.42691
49.654,14.8263,3.42478
49.6613,14.8052,3.42151
49.6671,14.7827,3.41916
49.6744,14.7629,3.4166
49.6826,14.7401,3.41218
49.6907,14.7173,3.40789
49.697,14.6971,3.4054
49.7033,14.6749,3.40309
49.7105,14.653,3.39919
49.7151,14.634,3.39633
49.726,14.6093,3.39156
49.732,14.586,3.38818
49.7365,14.566,3.38502
49.7415,14.5442,3.38188
49.7484,14.5221,3.37716
49.7526,14.5012,3.37407
49.7563,14.4799,3.37069
49.7602,14.4583,3.36699
49.7646,14.4378,3.36312
49.7699,14.4167,3.35912
49.7721,14.3947,3.35485
49.7771,14.3744,3.35082
49.7817,14.354,3.34771
49.7856,14.3334,3.34297
49.7886,14.3133,3.33996
49.792,14.2928,3.33593
49.7954,14.2717,3.33109
49.7989,14.2508,3.32672
49.8025,14.2322,3.32374
49.8053,14.2121,3.3197
49.8089,14.1929,3.3157
49.8104,14.1726,3.31208
49.8133,14.1525,3.30836
49.8155,14.1343,3.30476
49.8181,14.1163,3.30258
49.8208,14.0975,3.29809
49.8223,14.0802,3.2959
49.8223,14.0613,3.29192
49.824,14.0429,3.28849
49.8263,14.0247,3.28435
49.8279,14.0062,3.28144
49.8277,13.9879,3.27914
49.828,13.9708,3.27554
49.8292,13.9541,3.273
49.8298,13.9374,3.27135
49.8293,13.9228,3.26976
49.8286,13.9058,3.26764
49.8343,13.8884,3.26466
49.8333,13.8742,3.26168
49.8333,13.8742,3.26168
49.3426,14.3336,3.25221
49.3447,14.3173,3.25019
49.3468,14.3034,3.2483
49.3507,14.2876,3.24598
49.3533,14.2727,3.24459
49.3556,14.2574,3.24328
49.3556,14.2574,3.24328
49.3355,14.2539,3.2406
49.3387,14.2393,3.2383
49.3386,14.2255,3.23647
49.3382,14.2099,3.23444
49.3364,14.1927,3.23069
49.3367,14.178,3.22766
49.3367,14.178,3.22766
49.3264,14.1668,3.22607
49.3237,14.1547,3.22477
49.3222,14.1418,3.22299
49.3181,14.1284,3.2208
49.3181,14.1158,3.21861
49.3173,14.1029,3.21629
49.3173,14.1029,3.21629
49.3105,14.0869,3.21716
49.309,14.0734,3.21577
49.3064,14.0624,3.21441
49.3041,14.0491,3.21381
49.301,14.0373,3.21394
49.297,14.0249,3.21394
49.297,14.0249,3.21394
49.29,14.0097,3.21414
49.288,13.9993,3.21531
49.286,13.9882,3.21745
49.2826,13.9759,3.21813
49.2786,13.9647,3.2193
49.2753,13.9552,3.22016
49.2753,13.9552,3.22016
49.2627,13.9428,3.22267
49.2587,13.9323,3.22548
49.2598,13.9229,3.2267
49.2574,13.9137,3.22675
49.2533,13.905,3.23007
49.2518,13.8979,3.23083
49.2518,13.8979,3.23083
49.2383,13.882,3.23021
49.2349,13.8749,3.23349
49.2294,13.8669,3.23733
49.2238,13.8571,3.23869
49.2185,13.8489,3.24128
49.2144,13.8423,3.24351
49.2103,13.8349,3.24374
49.2054,13.8256,3.24658
49.2002,13.8192,3.24794
49.2002,13.8192,3.24794
49.1978,13.8153,3.24544
49.1924,13.808,3.24696
49.1903,13.8023,3.24709
49.1859,13.7965,3.2481
49.18,13.7901,3.24797
49.173,13.7842,3.24739
49.173,13.7842,3.24739
49.1668,13.7781,3.24713
49.1604,13.7714,3.24846
49.1555,13.7662,3.24805
49.1516,13.7609,3.24781
49.1463,13.7557,3.24687
49.1399,13.7515,3.24895
49.1399,13.7515,3.24895
49.1323,13.7447,3.25069
49.1268,13.7402,3.24981
49.1203,13.7371,3.2503
49.1162,13.7321,3.24904
49.1112,13.728,3.24925
49.1061,13.7241,3.24853
49.1061,13.7241,3.24853
49.095,13.7159,3.24998
49.0872,13.7119,3.25036
49.0773,13.7059,3.24945
49.067,13.7012,3.2512
49.053,13.6953,3.24961
49.0387,13.689,3.25174
49.0387,13.689,3.25174
49.0287,13.6817,3.25206
49.0107,13.676,3.25533
48.9933,13.6696,3.25677
48.9722,13.665,3.25931
48.9486,13.6562,3.25603
48.9264,13.6497,3.25534
48.9264,13.6497,3.25534
48.9344,13.6486,3.254
48.9098,13.641,3.25415
48.8841,13.6346,3.25302
48.8543,13.6263,3.24955
48.8226,13.6185,3.24844
48.7915,13.6113,3.24789
48.7915,13.6113,3.24789
48.7886,13.6151,3.24823
48.7514,13.6068,3.24743
48.714,13.5999,3.24549
48.6757,13.5932,3.24575
48.6343,13.5851,3.24531
48.5913,13.5753,3.24308
48.5913,13.5753,3.24308
48.5666,13.5694,3.23713
48.5216,13.56,3.23716
48.4799,13.5526,3.23663
48.4346,13.5452,3.23715
48.387,13.5382,3.23881
48.3413,13.528,3.23567
48.3413,13.528,3.23567
48.2909,13.5269,3.23303
48.2416,13.5228,3.23661
48.1939,13.515,3.23697
48.1388,13.5015,3.23282
48.0855,13.4898,3.23154
48.0331,13.4784,3.22983
48.0331,13.4784,3.22983
47.9638,13.4793,3.22228
47.9089,13.4707,3.2212
47.8565,13.4615,3.22142
47.8031,13.4539,3.2228
47.7482,13.4466,3.2246
47.693,13.433,3.21895
47.693,13.433,3.21895
47.606,13.4218,3.19933
47.545,13.4094,3.19635
47.4894,13.3997,3.19432
47.4338,13.3917,3.19568
47.3734,13.3808,3.19425
47.3199,13.3735,3.19447
47.3199,13.3735,3.19447
47.2365,13.3842,3.1935
47.1775,13.3762,3.19331
47.1217,13.3694,3.19456
47.0631,13.3621,3.19299
47.0072,13.3556,3.19319
46.9532,13.3489,3.19657
46.9532,13.3489,3.19657
46.8607,13.3437,3.19272
46.8051,13.3372,3.19381
46.749,13.3307,3.19454
46.69,13.3253,3.19947
46.6292,13.3175,3.20031
46.5688,13.3094,3.20001
46.5688,13.3094,3.20001
46.4669,13.2935,3.18959
46.4045,13.2849,3.19127
46.3469,13.2761,3.18947
46.2898,13.2709,3.1933
46.2338,13.2645,3.19477
46.1795,13.2592,3.19884
46.1795,13.2592,3.19884
46.072,13.2567,3.19601
46.0144,13.251,3.19878
45.9593,13.2434,3.19878
45.898,13.2364,3.19961
45.8371,13.2307,3.20289
45.7847,13.2286,3.20891
45.7847,13.2286,3.20891
45.6741,13.2283,3.20939
45.6123,13.2202,3.20898
45.5472,13.2081,3.20677
45.486,13.2017,3.20825
45.4278,13.1974,3.21305
45.3648,13.1863,3.20827
45.3648,13.1863,3.20827
45.2459,13.1789,3.20541
45.1816,13.1714,3.20722
45.1226,13.1676,3.21108
45.0611,13.1617,3.21534
44.9958,13.1519,3.21399
44.9386,13.1502,3.22224
44.8739,13.136,3.22027
44.8114,13.1298,3.22515
44.7473,13.1147,3.22142
44.6839,13.107,3.22477
44.6205,13.1025,3.23076
44.5564,13.0924,3.22959
44.4924,13.0828,3.23292
44.4311,13.0766,3.23778
44.3734,13.0753,3.24458
44.3095,13.068,3.24668
44.2479,13.0631,3.25122
44.1869,13.0528,3.24933
44.1252,13.0483,3.25695
44.0567,13.0354,3.25507
43.9962,13.0268,3.25506
43.9337,13.0218,3.25969
43.8689,13.014,3.26085
43.8078,13.0092,3.26633
43.7439,13.0053,3.27373
43.6804,13.0012,3.27978
43.6194,12.9957,3.28168
43.5517,12.9893,3.28572
43.4877,12.9837,3.2897
43.4253,12.9765,3.29176
43.3488,12.9604,3.28684
43.2819,12.9558,3.29058
43.2228,12.948,3.29116
43.1572,12.9429,3.29503
43.0934,12.9375,3.29673
43.0318,12.9297,3.29615
42.9593,12.9184,3.29481
42.8897,12.9105,3.29579
42.8275,12.9044,3.29706
42.7639,12.899,3.30099
42.7008,12.8928,3.30186
42.6358,12.887,3.30355
42.5671,12.8781,3.30165
42.4981,12.8694,3.30024
42.4341,12.8623,3.29896
42.3621,12.8508,3.29697
42.2934,12.8412,3.29329
42.2303,12.8339,3.29249
42.168,12.8316,3.2979
42.1006,12.8221,3.29338
42.0387,12.8172,3.29581
41.9687,12.8061,3.29053
41.9005,12.7988,3.29283
41.8357,12.7953,3.29444
41.7645,12.7911,3.298
41.6988,12.7845,3.29785
41.6348,12.7791,3.29882
41.5614,12.7682,3.29478
41.493,12.7611,3.29574
41.4269,12.7557,3.29912
41.3581,12.7497,3.30037
41.2912,12.7479,3.30244
41.229,12.7443,3.30784
41.1599,12.7396,3.30923
41.0889,12.7323,3.30916
41.0251,12.7268,3.31288
40.962,12.724,3.31524
40.8978,12.7197,3.32049
40.8378,12.718,3.3235
40.7705,12.7108,3.32282
40.7049,12.7058,3.32453
40.6391,12.7005,3.32447
40.5706,12.6969,3.33025
40.497,12.6855,3.32772
40.4286,12.6749,3.32276
40.3609,12.672,3.32545
40.2874,12.6666,3.33005
40.2264,12.6632,3.33462
40.1602,12.6621,3.33895
40.0955,12.6612,3.34414
40.0294,12.658,3.34733
39.9585,12.6522,3.35008
39.8898,12.6487,3.35299
39.8242,12.6436,3.356
39.7534,12.6382,3.36073
39.6851,12.6345,3.36514
39.6213,12.6286,3.36705
39.556,12.6239,3.36978
39.4871,12.6171,3.37025
39.4214,12.6108,3.37208
39.356,12.6081,3.37691
39.2917,12.6071,3.38244
39.2304,12.6014,3.38088
39.1638,12.5958,3.38323
39.0972,12.5904,3.38429
39.0321,12.586,3.38897
38.9589,12.574,3.38383
38.8894,12.5658,3.38694
38.8249,12.5602,3.39219
38.7576,12.5562,3.39648
38.682,12.5427,3.39322
38.6158,12.5365,3.39535
38.5501,12.5351,3.40263
38.4827,12.5284,3.4087
38.4212,12.5286,3.41682
38.351,12.5235,3.42113
38.2804,12.5187,3.42989
38.2178,12.5158,3.43721
38.1528,12.5129,3.4464
38.0856,12.509,3.45043
38.0267,12.5111,3.45857
37.9543,12.5081,3.46465
37.8865,12.505,3.4701
37.819,12.4978,3.47262
37.7546,12.498,3.47849
37.6884,12.4959,3.48526
37.6186,12.4832,3.48082
37.5411,12.4745,3.48371
37.4731,12.4673,3.4841
37.41,12.4666,3.48976
37.3426,12.4612,3.49229
37.273,12.4554,3.49328
37.2067,12.4481,3.49274
37.1384,12.4446,3.49494
37.064,12.437,3.49811
37.0029,12.4368,3.50247
36.9319,12.4327,3.50477
36.865,12.4332,3.512
36.7962,12.4259,3.50893
36.7235,12.4185,3.51033
36.6526,12.4111,3.50883
36.5809,12.4045,3.50881
36.5091,12.4002,3.50766
36.4384,12.3959,3.51062
36.3714,12.3925,3.51388
36.3032,12.3906,3.51729
36.2302,12.3851,3.51664
36.1604,12.3783,3.51534
36.0863,12.3734,3.51608
36.0146,12.3687,3.51541
35.9445,12.3628,3.51345
35.8719,12.3588,3.5132
35.7983,12.3525,3.51278
35.7317,12.352,3.51681
35.6558,12.3427,3.51601
35.5836,12.3371,3.5121
35.5113,12.3292,3.50841
35.4382,12.3245,3.50919
35.3657,12.3179,3.50875
35.2978,12.313,3.50848
35.2268,12.311,3.50893
35.1579,12.31,3.51254
35.0931,12.311,3.51657
35.0219,12.3061,3.51451
34.9503,12.3039,3.51757
34.8833,12.2992,3.51618
34.8089,12.292,3.51333
34.7374,12.2859,3.51238
34.7374,12.2859,3.51238
33.1337,12.3604,3.46684
33.0644,12.3461,3.46905
32.9941,12.3283,3.46612
32.9319,12.3141,3.46731
32.8626,12.3011,3.46746
32.7914,12.2903,3.46724
32.7914,12.2903,3.46724
32.6008,12.3203,3.45137
32.5288,12.3103,3.44912
32.4606,12.3039,3.45197
32.3993,12.2994,3.45273
32.3291,12.2937,3.45476
32.3291,12.2937,3.45476
32.1539,12.308,3.4432
32.0859,12.3008,3.44392
32.0171,12.301,3.44801
31.9474,12.2996,3.44991
31.8818,12.297,3.45116
31.8106,12.2921,3.45555
31.8106,12.2921,3.45555
31.6498,12.2908,3.44085
31.5811,12.2833,3.43876
31.5085,12.276,3.43359
31.4396,12.2727,3.43794
31.3709,12.2645,3.43379
31.2969,12.2557,3.4296
31.2969,12.2557,3.4296
31.147,12.2597,3.42352
31.0799,12.255,3.42505
31.0093,12.2494,3.42235
30.9402,12.2484,3.4258
30.8743,12.2452,3.42553
30.8048,12.2399,3.42787
30.7377,12.2432,3.43407
30.609,12.2251,3.42052
30.5366,12.2184,3.42271
30.4647,12.2141,3.42545
30.3954,12.2088,3.4264
30.3226,12.2035,3.42834
30.3226,12.2035,3.42834
30.167,12.2076,3.4227
30.1006,12.2051,3.42533
30.0305,12.2045,3.43337
29.9574,12.2014,3.437
29.889,12.1955,3.44004
29.8179,12.1918,3.43931
29.8179,12.1918,3.43931
29.66,12.183,3.43558
29.5941,12.181,3.44087
29.5191,12.1733,3.44212
29.445,12.1662,3.44032
29.3794,12.1645,3.44392
29.3093,12.165,3.45341
29.3093,12.165,3.45341
29.1607,12.1544,3.44751
29.0883,12.1467,3.4478
29.0202,12.139,3.4455
28.9496,12.1331,3.44825
28.878,12.1289,3.45386
28.8059,12.1254,3.45512
28.8059,12.1254,3.45512
28.6618,12.1237,3.45373
28.5937,12.1209,3.45295
28.5239,12.1155,3.4636
28.4541,12.1124,3.4666
28.3825,12.1056,3.46755
28.3094,12.1019,3.46928
28.3094,12.1019,3.46928
28.1584,12.0922,3.46508
28.091,12.0877,3.46728
28.0205,12.0827,3.47009
27.9492,12.0772,3.4723
27.8863,12.0744,3.48038
27.8122,12.0656,3.47924
27.8122,12.0656,3.47924
27.6606,12.0648,3.47581
27.5926,12.0608,3.47691
27.52,12.0506,3.47156
27.4337,12.0366,3.46855
27.3663,12.0298,3.46806
27.2855,12.0223,3.46711
27.2855,12.0223,3.46711
27.1545,12.0262,3.46818
27.086,12.0206,3.47223
27.0178,12.0196,3.47866
26.949,12.0193,3.48088
26.8775,12.0143,3.47954
26.805,12.0108,3.48306
26.805,12.0108,3.48306
26.6604,12.0045,3.48085
26.5943,12.0016,3.48466
26.5216,11.9978,3.48819
26.4504,11.9946,3.48757
26.3788,11.9852,3.48791
26.3076,11.9818,3.49148
26.3076,11.9818,3.49148
26.1645,11.9718,3.48926
26.0962,11.9677,3.48657
26.0136,11.9536,3.48339
25.9436,11.9489,3.48611
25.8768,11.9459,3.48732
25.8016,11.9395,3.48463
25.8016,11.9395,3.48463
25.6622,11.9389,3.48147
25.5923,11.9288,3.47581
25.5224,11.9242,3.47806
25.4476,11.9188,3.47673
25.3753,11.9121,3.47302
25.3026,11.9052,3.47295
25.3026,11.9052,3.47295
25.1568,11.9036,3.47401
25.0814,11.8935,3.47333
25.0063,11.886,3.46984
24.9297,11.8794,3.46696
24.8606,11.8767,3.46906
24.7886,11.8735,3.46998
24.7886,11.8735,3.46998
24.6462,11.8753,3.47032
24.5763,11.8729,3.4701
24.5041,11.8712,3.46955
24.4286,11.8681,3.47285
24.3571,11.8637,3.47327
24.2815,11.861,3.47349
24.2815,11.861,3.47349
24.1386,11.8405,3.4684
24.0692,11.8373,3.46791
23.9966,11.8318,3.46965
23.9239,11.827,3.46894
23.8563,11.8234,3.46904
23.7821,11.8195,3.46552
23.7821,11.8195,3.46552
23.6435,11.8138,3.4623
23.5726,11.8121,3.4658
23.4981,11.801,3.45884
23.4196,11.7892,3.45435
23.3528,11.7827,3.45289
23.2795,11.7785,3.45337
23.2795,11.7785,3.45337
23.136,11.7809,3.44771
23.068,11.7777,3.44562
22.9886,11.7725,3.44507
22.9151,11.7684,3.44457
22.8443,11.7627,3.44186
22.7693,11.7557,3.43703
22.6961,11.7514,3.4334
22.6278,11.7473,3.43247
22.548,11.7379,3.42665
22.548,11.7379,3.42665
22.4873,11.726,3.42205
22.4234,11.718,3.41763
22.3538,11.7133,3.41771
22.2822,11.7089,3.419
22.2103,11.7022,3.41736
22.1391,11.6958,3.4182
22.1391,11.6958,3.4182
22.0242,11.6957,3.41027
21.9569,11.6952,3.41445
21.882,11.6873,3.4118
21.802,11.678,3.40609
21.7254,11.6723,3.40597
21.6547,11.6667,3.40131
21.6547,11.6667,3.40131
21.5333,11.6637,3.39619
21.4621,11.6573,3.39393
21.3913,11.6557,3.39635
21.3117,11.646,3.38851
21.2338,11.6359,3.38522
21.1642,11.6292,3.38351
21.0921,11.6269,3.38382
21.0234,11.6231,3.38359
20.9444,11.6158,3.37706
20.8631,11.6066,3.37577
20.7883,11.6041,3.37474
20.715,11.6024,3.37929
20.6402,11.5965,3.37382
20.5692,11.5915,3.37587
20.492,11.5832,3.37061
20.4188,11.583,3.37638
20.3481,11.577,3.37626
20.2738,11.5693,3.37218
20.1973,11.5627,3.36825
20.1303,11.5625,3.37111
20.0541,11.5556,3.36882
19.9843,11.5528,3.36758
19.9173,11.5491,3.37131
19.8387,11.5403,3.36972
19.7714,11.5372,3.36994
19.6988,11.5305,3.37233
19.6315,11.5332,3.38011
19.5595,11.5305,3.38535
19.4973,11.5281,3.3876
19.4249,11.5239,3.39427
19.3517,11.5196,3.3965
19.2848,11.5173,3.40156
19.2131,11.5157,3.40753
19.1411,11.5131,3.4137
19.0676,11.5019,3.40918
18.9936,11.4946,3.41164
18.9172,11.4902,3.41531
18.8564,11.4911,3.42154
18.7857,11.49,3.42547
18.7116,11.4883,3.43277
18.6395,11.4814,3.43283
18.562,11.4726,3.42966
18.4872,11.468,3.43536
18.4205,11.4692,3.44166
18.3494,11.4665,3.44415
18.2787,11.4597,3.44563
18.2104,11.45,3.44123
18.1355,11.4432,3.44118
18.0606,11.4369,3.44334
17.9835,11.4235,3.4347
17.908,11.4157,3.43624
17.8348,11.4074,3.43568
17.7631,11.3972,3.42968
17.6903,11.3926,3.43097
17.6199,11.3884,3.43563
17.5513,11.3835,3.43767
17.4792,11.3766,3.43469
17.4049,11.3693,3.43633
17.334,11.3645,3.43618
17.2587,11.356,3.43138
17.1862,11.3492,3.42629
17.1132,11.3422,3.42647
17.0427,11.3368,3.42689
16.9648,11.3291,3.42487
16.8888,11.3203,3.42299
16.8163,11.316,3.42344
16.7409,11.31,3.4254
16.6749,11.313,3.43116
16.6012,11.3106,3.43355
16.5262,11.3045,3.43541
16.4537,11.2991,3.43278
16.3828,11.2943,3.43428
16.3112,11.2869,3.43214
16.2435,11.2842,3.43196
16.169,11.2798,3.43337
16.0968,11.2777,3.43746
16.0279,11.2771,3.44052
15.9497,11.2695,3.43925
15.8692,11.263,3.43688
15.7977,11.2583,3.43701
15.7199,11.2515,3.44053
15.6386,11.2414,3.43805
15.5625,11.2322,3.43477
15.4878,11.2292,3.43635
15.4077,11.2195,3.4352
15.3383,11.2166,3.43808
15.2649,11.2105,3.44022
15.1889,11.2053,3.44056
15.1168,11.2011,3.44297
15.04,11.1944,3.44196
14.9647,11.1908,3.447
14.8926,11.1889,3.44975
14.8137,11.1804,3.44974
14.7369,11.1737,3.4504
14.6626,11.1653,3.44849
14.5814,11.1523,3.4426
14.5035,11.144,3.44045
14.4329,11.1397,3.44318
14.3564,11.1384,3.44817
14.285,11.1336,3.45025
14.214,11.1252,3.44824
14.1367,11.1155,3.44548
14.0595,11.1081,3.44585
13.9872,11.1006,3.44521
13.91,11.0912,3.44535
13.8369,11.0864,3.4478
13.7657,11.0803,3.44935
13.6913,11.0762,3.45314
13.6178,11.0716,3.45617
13.5449,11.0656,3.45786
13.4698,11.0597,3.46238
13.3944,11.051,3.46208
13.3234,11.0455,3.46343
13.2389,11.0348,3.46222
13.1678,11.0265,3.46115
13.0982,11.0226,3.46642
13.0217,11.0181,3.46961
12.9473,11.0098,3.4695
12.8774,11.0055,3.47137
12.8021,10.9989,3.47478
12.7261,10.9928,3.4757
12.6558,10.9878,3.47861
12.5825,10.9823,3.47996
12.5073,10.9767,3.4831
12.4393,10.9712,3.48619
12.3627,10.9637,3.48735
12.2876,10.9585,3.48935
12.217,10.9528,3.49014
12.1392,10.9422,3.48792
12.0617,10.9358,3.48926
11.9872,10.9303,3.49089
11.9141,10.928,3.49546
11.8404,10.9237,3.49707
11.7701,10.9189,3.50046
11.6957,10.9122,3.50227
11.6222,10.907,3.50489
11.5524,10.9016,3.50577
11.4757,10.8935,3.50686
11.4005,10.8883,3.5096
11.3301,10.8839,3.51218
11.2539,10.8794,3.51418
11.1739,10.8702,3.51377
11.0997,10.8646,3.51568
11.019,10.8558,3.51511
10.939,10.8472,3.51626
10.8682,10.8395,3.51562
10.7946,10.8344,3.51848
10.7197,10.8296,3.52033
10.6486,10.8244,3.52177
10.5695,10.8156,3.51945
10.4936,10.8112,3.52475
10.419,10.8067,3.52702
10.3444,10.8013,3.53086
10.27,10.7976,3.53656
10.199,10.795,3.5406
10.1207,10.7888,3.5434
10.0427,10.7807,3.54432
9.9662,10.7759,3.54742
9.88846,10.7702,3.54997
9.81026,10.7631,3.55498
9.73414,10.7559,3.55608
9.73414,10.7559,3.55608
7.63932,10.6732,3.3687
7.55829,10.6668,3.36891
7.47886,10.6572,3.36609
7.39671,10.6504,3.36759
7.31849,10.6465,3.37064
7.23704,10.64,3.36976
7.23704,10.64,3.36976
7.03349,10.6051,3.32646
6.9553,10.5995,3.33203
6.87712,10.5941,3.33523
6.80177,10.5887,3.33709
6.72109,10.5777,3.33409
6.64364,10.5696,3.33431
6.64364,10.5696,3.33431
6.48469,10.5561,3.31718
6.40858,10.5506,3.3211
6.34443,10.5506,3.32962
6.2712,10.5471,3.33529
6.19306,10.5369,3.33534
6.12179,10.5334,3.33911
6.12179,10.5334,3.33911
5.95903,10.515,3.33075
5.88123,10.51,3.33466
5.80681,10.5027,3.33678
5.72913,10.4972,3.34062
5.65231,10.4887,3.34333
5.57764,10.4774,3.34072
5.57764,10.4774,3.34072
5.41908,10.4554,3.32532
5.34308,10.4452,3.32854
5.26794,10.4361,3.32935
5.1923,10.4283,3.33095
5.11871,10.4191,3.33103
5.04763,10.4136,3.33528
5.04763,10.4136,3.33528
4.87616,10.4034,3.32318
4.80576,10.3965,3.3267
4.73807,10.3888,3.32895
4.65885,10.3833,3.3347
4.58227,10.3778,3.33753
4.50606,10.3667,3.33626
4.50606,10.3667,3.33626
4.33294,10.3506,3.32316
4.25282,10.3432,3.32458
4.17965,10.338,3.33077
4.09781,10.329,3.33583
4.02523,10.3234,3.33927
3.95514,10.3156,3.34216
3.95514,10.3156,3.34216
3.79433,10.3052,3.33694
3.71945,10.2978,3.34075
3.65121,10.2921,3.34519
3.57412,10.2832,3.34816
3.49912,10.2769,3.35217
3.42947,10.2698,3.35716
3.42947,10.2698,3.35716
3.26609,10.252,3.34764
3.1917,10.2455,3.35258
3.12455,10.2407,3.35764
3.05335,10.2361,3.36474
2.98408,10.2299,3.37317
2.91747,10.2215,3.37755
2.84704,10.2116,3.3799
2.77666,10.2037,3.38551
2.70854,10.1962,3.38935
2.70854,10.1962,3.38935
2.61334,10.182,3.37933
2.54614,10.1753,3.38505
2.48044,10.164,3.38416
2.41195,10.1561,3.38971
2.34787,10.1472,3.39336
2.28662,10.1386,3.39608
2.28662,10.1386,3.39608
2.16727,10.1369,3.38892
2.10748,10.1307,3.39463
2.05189,10.1253,3.39866
1.99138,10.1189,3.39959
1.93492,10.1161,3.40662
1.88305,10.1106,3.41357
1.88305,10.1106,3.41357
1.75195,10.1027,3.40565
1.69363,10.0963,3.40852
1.63796,10.0881,3.40882
1.58049,10.0843,3.41066
1.52946,10.0778,3.41369
1.48159,10.0713,3.41316
1.48159,10.0713,3.41316
1.35834,10.0647,3.4046
1.31134,10.0613,3.40656
1.26263,10.0584,3.4106
1.21727,10.0532,3.41274
1.17285,10.0504,3.41469
1.13626,10.0475,3.41771
1.13626,10.0475,3.41771
1.02183,10.0414,3.41695
0.978809,10.0386,3.41657
0.935509,10.035,3.41599
0.895676,10.0325,3.41616
0.855556,10.0273,3.4148
0.82309,10.0258,3.4153
0.82309,10.0258,3.4153
0.71875,10.0193,3.41314
0.682928,10.0176,3.41527
0.650348,10.0151,3.41491
0.618385,10.0112,3.4144
0.589467,10.0096,3.41843
0.560662,10.0082,3.41532
0.560662,10.0082,3.41532
0.472908,10.006,3.41199
0.448186,10.004,3.41183
0.42442,10.0042,3.41422
0.398917,10.0017,3.41493
0.374004,9.99955,3.41358
0.351331,9.99773,3.41276
0.351331,9.99773,3.41276
0.268083,9.99287,3.40806
0.245081,9.99239,3.40899
0.223996,9.99173,3.40917
0.204385,9.99135,3.41067
0.183543,9.99057,3.41177
0.165063,9.9902,3.40931
0.165063,9.9902,3.40931
0.0990296,9.98982,3.40375
0.0846199,9.98963,3.40555
0.0706747,9.99105,3.40536
0.0538773,9.99086,3.40346
0.0439899,9.99389,3.40624
0.0318176,9.99508,3.40728
0.0318176,9.99508,3.40728
-0.026112,9.99394,3.40274
-0.0331205,9.99917,3.40359
-0.0400317,10.0044,3.40427
-0.045536,10.0087,3.40529
-0.0518057,10.0135,3.40577
-0.0566557,10.0175,3.40622
-0.0566557,10.0175,3.40622
-0.108424,10.0121,3.39937
-0.111962,10.0148,3.39946
-0.11474,10.017,3.39915
-0.116315,10.0182,3.39981
-0.121734,10.0223,3.40039
-0.125879,10.0256,3.40039
-0.129177,10.0281,3.40097
-0.183974,10.0252,3.39392
-0.187592,10.0279,3.39359
-0.190794,10.0303,3.39374
-0.193842,10.0327,3.39373
-0.197196,10.0351,3.39491
-0.197196,10.0351,3.39491
-0.2318,10.0341,3.38597
-0.234162,10.036,3.3875
-0.236441,10.0379,3.38694
-0.241117,10.0411,3.38701
-0.242776,10.0425,3.38784
-0.243793,10.0434,3.38927
-0.243793,10.0434,3.38927
-0.266274,10.0448,3.3807
-0.269999,10.0476,3.38241
-0.271413,10.0487,3.38393
-0.272763,10.05,3.3849
-0.273039,10.0505,3.3829
-0.275025,10.0521,3.38405
-0.275025,10.0521,3.38405
-0.283601,10.053,3.37184
-0.28146,10.0518,3.37107
-0.284692,10.0542,3.37194
-0.284641,10.0542,3.37228
-0.284732,10.0546,3.37241
-0.28299,10.0536,3.37204
-0.273448,10.0579,3.31119
-0.266495,10.0598,3.30573
-0.263152,10.0629,3.30454
-0.256313,10.0652,3.30497
-0.254711,10.0682,3.2999
-0.248458,10.0698,3.29617
-0.241882,10.0719,3.29314
-0.235193,10.0742,3.29073
-0.228463,10.077,3.29093
-0.223613,10.0796,3.28613
-0.217565,10.082,3.28282
-0.208873,10.0835,3.27847
-0.201667,10.0855,3.2776
-0.192434,10.088,3.27532
-0.185747,10.0894,3.27357
-0.178443,10.0922,3.27105
-0.170855,10.0943,3.26903
-0.164095,10.0965,3.26753
-0.155481,10.0992,3.26158
-0.146141,10.1009,3.26043
-0.139459,10.1038,3.25742
-0.131354,10.1064,3.25433
-0.12145,10.1078,3.25071
-0.111602,10.1094,3.24723
-0.101667,10.1102,3.2459
-0.0926925,10.112,3.24323
-0.0845688,10.1142,3.24092
-0.0757452,10.1164,3.23778
-0.0658179,10.1186,3.23083
-0.0573102,10.1202,3.23057
-0.0450616,10.1218,3.22885
-0.0307558,10.1227,3.22539
-0.0207472,10.1244,3.2218
-0.0101711,10.1258,3.22021
0.000367507,10.1275,3.21709
0.0114187,10.1283,3.21398
0.0229804,10.1299,3.20793
0.0323451,10.132,3.20557
0.0414701,10.1331,3.20231
0.0523102,10.1344,3.19936
0.0643715,10.1362,3.19032
0.0718156,10.1375,3.18852
0.0826616,10.1387,3.18505
0.0939764,10.1397,3.18128
0.103813,10.1408,3.17894
0.114716,10.1419,3.17424
0.12533,10.1427,3.17197
0.134784,10.1429,3.16762
0.145095,10.1442,3.16382
0.15557,10.1453,3.16016
0.166647,10.1461,3.15397
0.176156,10.1477,3.15166
0.186359,10.1481,3.14789
0.196112,10.1488,3.14443
0.207829,10.1496,3.14002
0.218024,10.1511,3.13901
0.226409,10.1527,3.13493
0.235102,10.1535,3.13155
0.245819,10.154,3.12806
0.25483,10.1544,3.12255
0.262405,10.1557,3.1211
0.269101,10.1582,3.11892
0.274122,10.1596,3.11435
0.27921,10.1613,3.1135
0.28427,10.162,3.11037
0.288068,10.1638,3.10609
0.29009,10.164,3.10026
0.292608,10.1669,3.09673
0.296283,10.1671,3.09537
0.29838,10.1686,3.09063
0.299204,10.1692,3.08709
0.298258,10.1678,3.08489
0.300732,10.169,3.08291
0.299216,10.1695,3.07764
0.298006,10.1702,3.07386
0.295968,10.171,3.06917
0.294827,10.1713,3.06751
0.290924,10.1726,3.06583
0.285932,10.173,3.06181
0.281538,10.1728,3.05795
0.276442,10.1718,3.05409
0.272398,10.1732,3.05094
0.266712,10.1747,3.04527
0.260541,10.1742,3.04291
0.251771,10.1722,3.03897
0.242804,10.1722,3.04171
0.235959,10.169,3.03776
0.229156,10.1674,3.03304
0.219402,10.166,3.02857
0.210817,10.1657,3.02597
0.201695,10.1631,3.02249
0.193754,10.1621,3.02053
0.186723,10.1655,3.02043
0.178745,10.1653,3.01878
0.170151,10.1679,3.01829
0.163717,10.1666,3.01768
0.152586,10.157,3.01296
0.149227,10.1577,3.01013
0.138387,10.1568,3.00934
0.128702,10.1551,3.00819
0.118208,10.1548,3.00569
0.108968,10.1552,3.00665
0.0951849,10.1535,3.0055
0.080305,10.1452,3.00259
0.0697052,10.1432,3.00112
0.0553902,10.1465,3.0006
0.0433608,10.1443,2.99907
0.0276002,10.142,2.99855
0.0141903,10.1421,2.99903
0.00183241,10.141,2.99789
-0.0104983,10.1393,2.99888
-0.0234236,10.1404,2.99927
-0.0359702,10.1398,2.99973
-0.0496698,10.1407,3.00357
-0.0663347,10.1409,3.00732
-0.0810886,10.1428,3.01078
-0.0927009,10.1404,3.01251
-0.10552,10.1398,3.01648
-0.118528,10.1403,3.01798
-0.131085,10.1407,3.02208
-0.143515,10.1413,3.02568
-0.152927,10.1437,3.02908
-0.164383,10.144,3.03303
-0.174737,10.1446,3.03667
-0.187039,10.1462,3.04073
-0.198238,10.1479,3.045
-0.209454,10.1501,3.04983
-0.22048,10.151,3.05545
-0.230912,10.1548,3.06031
-0.241845,10.1598,3.06614
-0.252632,10.1619,3.07096
-0.263921,10.1641,3.07602
-0.263921,10.1641,3.07602
0.0459153,10.9379,3.04795
0.0369876,10.9442,3.0528
0.0280849,10.95,3.05766
0.0280849,10.95,3.05766
0.026209,10.9725,3.05631
0.0170605,10.9775,3.06141
0.00794763,10.9824,3.06624
-0.00196465,10.988,3.07105
-0.00196465,10.988,3.07105
-0.0117922,10.9975,3.07446
-0.0212632,11.0025,3.07882
-0.0303642,11.0078,3.08347
-0.0358589,11.0219,3.09204
-0.0358589,11.0219,3.09204
-0.0437523,11.0286,3.09415
-0.051919,11.0358,3.09894
-0.0591897,11.0404,3.10278
-0.0591897,11.0404,3.10278
-0.0735019,11.0497,3.10617
-0.0822364,11.0553,3.10983
-0.0900453,11.0618,3.11324
-0.0993621,11.0664,3.11634
-0.0993621,11.0664,3.11634
-0.110673,11.0751,3.11874
-0.118805,11.0811,3.12151
-0.127052,11.0868,3.12434
-0.134722,11.0925,3.12723
-0.134722,11.0925,3.12723
-0.144505,11.0988,3.13083
-0.150583,11.104,3.13161
-0.156982,11.11,3.1339
-0.156982,11.11,3.1339
-0.169345,11.1204,3.13517
-0.176398,11.1256,3.13812
-0.183117,11.1307,3.14019
-0.18898,11.1349,3.14205
-0.18898,11.1349,3.14205
-0.200415,11.146,3.14313
-0.206913,11.1506,3.14482
-0.213035,11.1549,3.14751
-0.219356,11.1593,3.14882
-0.219356,11.1593,3.14882
-0.226674,11.1669,3.15025
-0.232268,11.171,3.15189
-0.237268,11.1752,3.15341
-0.242426,11.1804,3.15442
-0.242426,11.1804,3.15442
-0.249232,11.1885,3.15795
-0.254564,11.1917,3.15976
-0.259038,11.195,3.16067
-0.259038,11.195,3.16067
-0.267489,11.2059,3.16344
-0.2713,11.2095,3.16528
-0.275375,11.2126,3.16634
-0.278253,11.2164,3.16859
-0.278253,11.2164,3.16859
-0.281984,11.2252,3.16953
-0.28496,11.2283,3.17072
-0.287273,11.2327,3.17211
-0.290094,11.2344,3.17267
-0.290094,11.2344,3.17267
-0.296828,11.2406,3.17354
-0.298481,11.2432,3.17433
-0.300703,11.2461,3.17566
-0.300703,11.2461,3.17566
-0.302267,11.2528,3.17728
-0.304394,11.2542,3.17929
-0.306118,11.2561,3.1821
-0.307265,11.2571,3.18374
-0.307265,11.2571,3.18374
-0.309313,11.2585,3.18371
-0.307059,11.2539,3.1832
-0.306054,11.2408,3.18195
-0.303404,11.226,3.18355
-0.303404,11.226,3.18355
-0.303094,11.2228,3.18213
-0.30196,11.2011,3.18081
-0.29753,11.1736,3.18013
-0.292211,11.1442,3.17887
-0.28765,11.1164,3.17805
-0.28765,11.1164,3.17805
-0.286994,11.1219,3.17786
-0.279438,11.0799,3.176
-0.273264,11.0344,3.17482
-0.267115,10.983,3.17208
-0.267115,10.983,3.17208
-0.265643,10.9682,3.1719
-0.257781,10.9088,3.17007
-0.251201,10.8483,3.1689
-0.242341,10.7867,3.16475
-0.242341,10.7867,3.16475
-0.24268,10.7347,3.16453
-0.236182,10.6701,3.16226
-0.228716,10.5997,3.16054
-0.228716,10.5997,3.16054
-0.242081,10.5133,3.16324
-0.23748,10.4374,3.16133
-0.234233,10.3596,3.16244
-0.229805,10.2889,3.16211
-0.229805,10.2889,3.16211
-0.234103,10.1928,3.16295
-0.229081,10.111,3.16074
-0.224099,10.034,3.15733
-0.21893,9.95138,3.15356
-0.21893,9.95138,3.15356
-0.221795,9.84753,3.15349
-0.212154,9.76101,3.14853
-0.209046,9.6774,3.14743
-0.208837,9.59493,3.15091
-0.208837,9.59493,3.15091
-0.216802,9.49119,3.15481
-0.209895,9.39982,3.15309
-0.208583,9.31728,3.14854
-0.207076,9.22783,3.14615
-0.206158,9.14628,3.1441
-0.204591,9.05742,3.14522
-0.20092,8.97072,3.14029
-0.198162,8.88817,3.13642
-0.19745,8.80092,3.13622
-0.196259,8.71206,3.13466
-0.19346,8.62369,3.13366
-0.19247,8.53116,3.13443
-0.190364,8.44109,3.13038
-0.185261,8.35097,3.12692
-0.186169,8.25855,3.1278
-0.184666,8.17021,3.12502
-0.181539,8.08295,3.12366
-0.174701,7.98217,3.11841
-0.167756,7.87636,3.11384
-0.161195,7.78132,3.10717
-0.155363,7.6759,3.10327
-0.147957,7.57408,3.09766
-0.143664,7.48271,3.09104
-0.136346,7.38117,3.08485
-0.130841,7.28941,3.07698
-0.117992,7.19214,3.06904
-0.115199,7.10197,3.0662
-0.109622,7.00863,3.06223
-0.103556,6.91087,3.06271
-0.0973991,6.81811,3.05923
-0.0979721,6.7276,3.06075
-0.0950992,6.63138,3.06093
-0.0901658,6.53389,3.05878
-0.0854603,6.43163,3.05619
-0.083302,6.32949,3.05535
-0.0757419,6.22178,3.05241
-0.0757781,6.12529,3.05351
-0.0717824,6.02537,3.05279
-0.0713324,5.92715,3.05241
-0.0698215,5.82218,3.0525
-0.065814,5.71983,3.04997
-0.0622656,5.61806,3.04706
-0.0563544,5.51653,3.04382
-0.0475019,5.41375,3.04012
-0.0443619,5.31485,3.03938
-0.040557,5.21495,3.03706
-0.0341036,5.11195,3.03333
-0.0252764,5.00844,3.02842
-0.0194852,4.90119,3.02674
-0.014648,4.79645,3.02486
-0.0136978,4.70412,3.02591
-0.00650188,4.59908,3.02483
-0.00256297,4.49941,3.02746
0.00336507,4.40581,3.02838
0.00863038,4.30969,3.03162
0.0167778,4.20968,3.0307
0.018056,4.10974,3.03589
0.0222432,4.01252,3.03794
0.021986,3.91871,3.04332
0.0285536,3.81359,3.0417
0.0296905,3.71576,3.0464
0.0352291,3.61128,3.04574
0.0410247,3.50828,3.04868
0.0485405,3.40295,3.04656
0.055477,3.30154,3.04556
0.0600358,3.19558,3.04635
0.0651575,3.09845,3.05073
0.0658726,2.99758,3.05687
0.0708586,2.89481,3.06071
0.0725339,2.79386,3.06618
0.077459,2.68424,3.06812
0.0818992,2.59292,3.06888
0.0957942,2.48691,3.06491
0.104596,2.38102,3.0634
0.107347,2.27941,3.06398
0.113245,2.17708,3.06216
0.116497,2.07418,3.0638
0.12577,1.9589,3.05679
0.135536,1.84939,3.05276
0.14443,1.74004,3.04712
0.154747,1.63098,3.04317
0.162675,1.52899,3.04
0.170257,1.42648,3.04407
0.182871,1.32323,3.04751
0.18867,1.22028,3.04726
0.195807,1.11409,3.04663
0.203959,1.00203,3.04431
0.210608,0.902042,3.0463
0.216135,0.800409,3.04457
0.221699,0.699243,3.0393
0.227492,0.600048,3.04321
0.235839,0.492857,3.03959
0.240066,0.384625,3.0397
0.246377,0.271539,3.03528
0.258861,0.158982,3.03175
0.268833,0.0618595,3.03163
0.273089,-0.0377023,3.03363
0.272455,-0.131871,3.03752
0.279178,-0.228319,3.04345
0.28341,-0.331279,3.04609
0.287298,-0.417667,3.04694
0.287298,-0.417667,3.04694
0.147385,-2.17439,3.19942
0.149991,-2.26904,3.19298
0.149079,-2.33968,3.19536
0.149079,-2.33968,3.19536
0.147307,-2.61119,3.24784
0.145959,-2.67982,3.24925
0.141626,-2.74235,3.2527
0.137844,-2.79904,3.25402
0.137844,-2.79904,3.25402
0.126315,-2.96912,3.28445
0.126964,-3.01706,3.28736
0.121825,-3.0504,3.2902
0.116053,-3.07862,3.29317
0.116053,-3.07862,3.29317
0.109971,-3.18767,3.31317
0.106696,-3.21173,3.31605
0.105022,-3.22458,3.31554
0.105022,-3.22458,3.31554
0.0761799,-3.30885,3.33363
0.0697842,-3.31054,3.33569
0.063809,-3.31643,3.34003
0.0614459,-3.30965,3.3394
0.0614459,-3.30965,3.3394
0.0303615,-3.3666,3.35145
0.0261085,-3.36024,3.35259
0.0193639,-3.34907,3.35262
0.0142047,-3.34148,3.35412
0.0127153,-3.33006,3.35433
-0.0358247,-3.37207,3.36201
-0.0416927,-3.36007,3.36349
-0.04612,-3.34592,3.36239
-0.0529529,-3.33142,3.36283
-0.0529529,-3.33142,3.36283
-0.102627,-3.3513,3.36911
-0.110829,-3.33519,3.36835
-0.122233,-3.30608,3.36761
-0.122233,-3.30608,3.36761
-0.169783,-3.29329,3.37233
-0.187785,-3.24722,3.36851
-0.196991,-3.21905,3.3676
-0.206944,-3.19522,3.36651
-0.206944,-3.19522,3.36651
-0.256188,-3.20736,3.37056
-0.262938,-3.19027,3.37051
-0.268201,-3.17488,3.3703
-0.274278,-3.15526,3.36891
-0.281532,-3.13711,3.36905
-0.289043,-3.11492,3.36804
-0.293252,-3.10212,3.36785
-0.346648,-3.11967,3.37014
-0.353064,-3.1021,3.37008
-0.360778,-3.08252,3.36992
-0.368476,-3.0643,3.36969
-0.368476,-3.0643,3.36969
-0.398475,-3.0357,3.37183
-0.405917,-3.01017,3.37245
-0.411837,-2.9916,3.37256
-0.423909,-2.96545,3.37348
-0.423909,-2.96545,3.37348
-0.443435,-2.92854,3.37345
-0.449775,-2.90689,3.37316
-0.455121,-2.8883,3.37323
-0.460158,-2.8682,3.37302
-0.465378,-2.85003,3.37311
-0.470431,-2.83157,3.37305
-0.474663,-2.81296,3.37248
-0.474663,-2.81296,3.37248
-0.479797,-2.79375,3.37319
-0.485385,-2.7753,3.37336
-0.489313,-2.75686,3.37314
-0.495304,-2.73872,3.37351
-0.500149,-2.71915,3.37313
-0.504835,-2.70064,3.37313
-0.504835,-2.70064,3.37313
-0.500742,-2.67173,3.37258
-0.504047,-2.65458,3.37254
-0.509315,-2.63643,3.37268
-0.511565,-2.62015,3.37251
-0.51378,-2.60285,3.37208
-0.517607,-2.58444,3.37229
-0.517607,-2.58444,3.37229
-0.517787,-2.55198,3.37034
-0.521109,-2.53389,3.37008
-0.524798,-2.51615,3.37049
-0.524966,-2.50035,3.36971
-0.525427,-2.48342,3.36818
-0.525427,-2.48342,3.36818
-0.527791,-2.44014,3.36794
-0.529838,-2.42496,3.36795
-0.532063,-2.40616,3.3672
-0.533062,-2.38989,3.36565
-0.535827,-2.3737,3.36373
-0.535827,-2.3737,3.36373
-0.532833,-2.32719,3.36233
-0.537334,-2.30463,3.36141
-0.5385,-2.29552,3.36118
-0.538783,-2.28199,3.35953
-0.540961,-2.26553,3.35932
-0.543731,-2.24948,3.35835
-0.545504,-2.23544,3.35756
-0.545504,-2.23544,3.35756
-0.537701,-2.20341,3.35447
-0.541346,-2.18917,3.35462
-0.539868,-2.17511,3.35383
-0.541642,-2.16019,3.35334
-0.543867,-2.14693,3.35408
-0.539701,-2.13182,3.35252
-0.539701,-2.13182,3.35252
-0.534252,-2.09873,3.35069
-0.535079,-2.08383,3.3497
-0.531493,-2.07064,3.34815
-0.531176,-2.05765,3.34808
-0.532541,-2.04473,3.34823
-0.527707,-2.03304,3.34656
-0.527707,-2.03304,3.34656
-0.523406,-2.00995,3.34596
-0.523944,-1.99781,3.34523
-0.520816,-1.98718,3.34493
-0.518758,-1.97611,3.34521
-0.518126,-1.96444,3.34515
-0.518926,-1.95221,3.34661
-0.518926,-1.95221,3.34661
-0.51185,-1.92739,3.34456
-0.510314,-1.91778,3.34696
-0.507112,-1.90516,3.34915
-0.50824,-1.89395,3.35221
-0.509427,-1.88266,3.35581
-0.501973,-1.87493,3.35787
-0.501973,-1.87493,3.35787
-0.498329,-1.85053,3.35923
-0.498921,-1.84244,3.36414
-0.499265,-1.83218,3.37071
-0.491631,-1.82212,3.37481
-0.491791,-1.81512,3.37966
-0.491791,-1.81512,3.37966
-0.488527,-1.79372,3.38046
-0.486371,-1.78395,3.38586
-0.480161,-1.77426,3.38844
-0.480755,-1.76419,3.38944
-0.480666,-1.76139,3.39351
-0.481799,-1.75239,3.39717
-0.477313,-1.7433,3.40069
-0.474368,-1.73943,3.40638
-0.473739,-1.73103,3.40848
-0.472462,-1.72497,3.41267
-0.467568,-1.71964,3.41373
-0.467471,-1.71211,3.41679
-0.466711,-1.70555,3.41921
-0.464406,-1.69748,3.4216
-0.461558,-1.69339,3.42251
-0.45349,-1.68761,3.42394
-0.452969,-1.68148,3.42583
-0.453964,-1.67642,3.42748
-0.453368,-1.66999,3.42929
-0.447488,-1.66631,3.42939
-0.44579,-1.66399,3.43041
-0.444766,-1.65872,3.43106
-0.44309,-1.65493,3.43176
-0.440859,-1.6504,3.43159
-0.438513,-1.64634,3.43264
-0.430764,-1.64439,3.4314
-0.428329,-1.64089,3.43088
-0.425142,-1.63729,3.43071
-0.422533,-1.63358,3.43043
-0.418755,-1.6308,3.43141
-0.412749,-1.62982,3.43029
-0.408868,-1.62601,3.42814
-0.407386,-1.62297,3.42708
-0.406188,-1.62035,3.4265
-0.402719,-1.61733,3.42528
-0.400158,-1.61416,3.42447
-0.398042,-1.61369,3.424
-0.393715,-1.61075,3.42299
-0.390884,-1.60979,3.42312
-0.388214,-1.60797,3.42022
-0.385379,-1.60865,3.42096
-0.384724,-1.60906,3.41901
-0.382731,-1.60723,3.41843
-0.378472,-1.60276,3.41659
-0.376048,-1.60123,3.4157
-0.372904,-1.59966,3.41418
-0.369605,-1.59789,3.41309
-0.367493,-1.59649,3.41171
-0.364941,-1.59622,3.41019
-0.361764,-1.59607,3.40882
-0.359306,-1.59463,3.40668
-0.356995,-1.59416,3.40533
-0.354395,-1.59444,3.40396
-0.350416,-1.5929,3.40235
-0.347915,-1.59264,3.40162
-0.345521,-1.59189,3.39995
-0.344908,-1.59319,3.39835
-0.342272,-1.59241,3.39679
-0.34126,-1.59269,3.39596
-0.338647,-1.59345,3.39496
-0.336197,-1.59406,3.39407
-0.334068,-1.59358,3.39292
-0.335023,-1.59292,3.39219
-0.332314,-1.59313,3.39034
-0.328827,-1.5927,3.38822
-0.326607,-1.5927,3.38734
-0.324598,-1.59342,3.38663
-0.323352,-1.59428,3.38519
-0.320736,-1.59406,3.38383
-0.318123,-1.59365,3.38113
-0.316235,-1.5942,3.3795
-0.314633,-1.59556,3.37826
-0.315557,-1.59581,3.37767
-0.314769,-1.59501,3.37478
-0.312866,-1.59457,3.37434
-0.311494,-1.59612,3.37313
-0.311943,-1.5953,3.36915
-0.309653,-1.59676,3.3681
-0.308115,-1.5987,3.36699
-0.307102,-1.59822,3.36409
-0.306751,-1.59587,3.36129
-0.306226,-1.59663,3.35951
-0.302669,-1.59876,3.36017
-0.301564,-1.59821,3.35686
-0.299954,-1.59842,3.35441
-0.299168,-1.59903,3.35301
-0.297419,-1.59919,3.35101
-0.296053,-1.59993,3.34923
-0.295733,-1.6016,3.34756
-0.295738,-1.60293,3.34641
-0.296209,-1.60299,3.34431
-0.29776,-1.60382,3.34288
-0.297183,-1.60488,3.34088
-0.296663,-1.60638,3.33929
-0.295724,-1.60786,3.33686
-0.295039,-1.61021,3.33262
-0.292621,-1.61344,3.32044
-0.290321,-1.61671,3.30302
-0.289188,-1.61957,3.28418
-0.287165,-1.62321,3.26072
-0.285339,-1.62694,3.23773
-0.283321,-1.62951,3.2157
-0.280646,-1.6327,3.19202
-0.279695,-1.63504,3.16776
-0.279176,-1.63793,3.14596
-0.278222,-1.64131,3.12251
-0.276995,-1.64441,3.09905
-0.274475,-1.64763,3.07668
-0.273358,-1.65068,3.05326
-0.273381,-1.65457,3.0296
-0.272065,-1.65809,3.00735
-0.270039,-1.66142,2.98353
-0.268898,-1.6657,2.9592
-0.266706,-1.66967,2.93687
-0.265627,-1.674,2.91308
-0.262432,-1.67818,2.88836
-0.260137,-1.68072,2.86657
-0.258823,-1.68412,2.84324
-0.254853,-1.6876,2.81996
-0.254711,-1.69083,2.79825
-0.253707,-1.6945,2.77374
-0.251474,-1.69994,2.74887
-0.250551,-1.7044,2.72598
-0.249052,-1.70951,2.70108
-0.248041,-1.71342,2.67715
-0.247182,-1.71633,2.6543
-0.242833,-1.72104,2.63125
-0.24197,-1.7241,2.60653
-0.241456,-1.72802,2.58589
-0.239575,-1.73216,2.56135
-0.238148,-1.73542,2.53745
-0.236639,-1.73851,2.51534
-0.237397,-1.74086,2.49328
-0.237729,-1.7443,2.47063
-0.237799,-1.74758,2.45041
-0.236726,-1.75051,2.42688
-0.234573,-1.75297,2.40371
-0.233957,-1.75617,2.38266
-0.233906,-1.75817,2.35876
-0.234247,-1.7605,2.3356
-0.23348,-1.76378,2.31461
-0.232885,-1.76624,2.29225
-0.234347,-1.76923,2.27037
-0.235019,-1.77075,2.24815
-0.234753,-1.77333,2.22611
-0.234369,-1.77488,2.2047
-0.234262,-1.77729,2.18425
-0.233553,-1.77962,2.16231
-0.233316,-1.78335,2.14091
-0.232628,-1.78509,2.11961
-0.233123,-1.78743,2.09783
-0.232781,-1.78995,2.07652
-0.233303,-1.79255,2.05583
-0.235319,-1.79498,2.03353
-0.235025,-1.79694,2.01235
-0.236253,-1.798,1.99204
-0.237836,-1.80018,1.97198
-0.23712,-1.80198,1.94999
-0.237602,-1.80468,1.92975
-0.239039,-1.8061,1.90877
-0.2401,-1.80812,1.88611
-0.241656,-1.8111,1.86578
-0.241505,-1.81299,1.84422
-0.241094,-1.81487,1.82296
-0.241686,-1.81655,1.80262
-0.241686,-1.81655,1.80262
-0.189197,-1.79853,1.71423
-0.189613,-1.80045,1.69292
-0.189662,-1.80206,1.67285
-0.191587,-1.803,1.65253
-0.191712,-1.80447,1.63141
-0.19292,-1.80564,1.61239
-0.19292,-1.80564,1.61239
-0.188187,-1.81021,1.57233
-0.189467,-1.8113,1.55185
-0.19028,-1.8129,1.53164
-0.190759,-1.81424,1.51021
-0.192919,-1.81526,1.48963
-0.193915,-1.81657,1.47003
-0.193915,-1.81657,1.47003
-0.195813,-1.81882,1.43438
-0.197431,-1.82007,1.41434
-0.198314,-1.82088,1.3938
-0.200906,-1.82163,1.37234
-0.202681,-1.82208,1.35109
-0.203558,-1.82319,1.33042
-0.203558,-1.82319,1.33042
-0.205487,-1.82542,1.29644
-0.207163,-1.8259,1.27516
-0.208943,-1.82655,1.25541
-0.210007,-1.82733,1.23417
-0.211992,-1.82781,1.21268
-0.212957,-1.82831,1.19303
-0.212957,-1.82831,1.19303
-0.215929,-1.83158,1.16055
-0.217611,-1.83249,1.13535
-0.219708,-1.83276,1.1146
-0.220872,-1.83292,1.09624
-0.22327,-1.83303,1.07866
-0.22452,-1.83333,1.05838
-0.22452,-1.83333,1.05838
-0.22675,-1.83396,1.02584
-0.228005,-1.83431,1.00462
-0.230037,-1.83425,0.985028
-0.231892,-1.83438,0.96386
-0.234228,-1.83427,0.942689
-0.236341,-1.8342,0.923335
-0.238306,-1.83447,0.902783
-0.240129,-1.8349,0.883476
-0.242551,-1.83499,0.865669
-0.242551,-1.83499,0.865669
-0.240423,-1.83827,0.846977
-0.242321,-1.83801,0.829037
-0.244376,-1.8377,0.812209
-0.246289,-1.83745,0.794998
-0.248428,-1.8373,0.778628
-0.250724,-1.83708,0.763341
-0.250724,-1.83708,0.763341
-0.250076,-1.83892,0.740098
-0.251997,-1.8386,0.725057
-0.254138,-1.83821,0.710994
-0.256042,-1.83774,0.696586
-0.257786,-1.83732,0.682249
-0.259988,-1.83672,0.669671
-0.259988,-1.83672,0.669671
-0.260824,-1.83522,0.644776
-0.262743,-1.83465,0.631992
-0.264973,-1.83403,0.620521
-0.266581,-1.83325,0.609885
-0.268665,-1.83257,0.597909
-0.268665,-1.83257,0.597909
-0.275142,-1.83358,0.571409
-0.277054,-1.83286,0.560582
-0.279164,-1.83215,0.550113
-0.28093,-1.83151,0.540551
-0.283021,-1.83075,0.53075
-0.283021,-1.83075,0.53075
-0.288233,-1.8291,0.503772
-0.291885,-1.82736,0.486855
-0.29357,-1.82653,0.47804
-0.294542,-1.82602,0.473409
-0.295243,-1.82564,0.469452
-0.297158,-1.82473,0.461458
-0.299002,-1.82368,0.453361
-0.299002,-1.82368,0.453361
-0.307449,-1.82198,0.4305
-0.309242,-1.82088,0.42308
-0.311684,-1.81942,0.41374
-0.312973,-1.81838,0.408158
-0.314515,-1.81725,0.402012
-0.31632,-1.81575,0.394948
-0.317883,-1.81455,0.38863
-0.317883,-1.81455,0.38863
-0.322157,-1.81342,0.367993
-0.323882,-1.81214,0.36161
-0.325347,-1.81074,0.355841
-0.327053,-1.80946,0.349823
-0.328648,-1.80802,0.343937
-0.330196,-1.8068,0.33877
-0.330196,-1.8068,0.33877
-0.334082,-1.8059,0.320292
-0.335697,-1.8044,0.314933
-0.337195,-1.80296,0.310011
-0.338677,-1.80138,0.305106
-0.340219,-1.7998,0.300397
-0.340219,-1.7998,0.300397
-0.344234,-1.79877,0.283121
-0.345569,-1.79699,0.278492
-0.346998,-1.79532,0.274089
-0.348347,-1.7938,0.270016
-0.34964,-1.79208,0.265775
-0.350883,-1.79024,0.261341
-0.351817,-1.78862,0.257204
-0.351817,-1.78862,0.257204
-0.350707,-1.78534,0.242318
-0.351913,-1.78361,0.238104
-0.353201,-1.78186,0.234276
-0.354488,-1.78009,0.230163
-0.35575,-1.77832,0.226009
-0.356904,-1.77663,0.221917
-0.356904,-1.77663,0.221917
-0.358715,-1.77575,0.207659
-0.359914,-1.77376,0.203679
-0.361031,-1.77194,0.199808
-0.362216,-1.77002,0.195735
-0.363448,-1.7682,0.19177
-0.364468,-1.76637,0.187953
-0.364468,-1.76637,0.187953
-0.368061,-1.76326,0.176028
-0.369095,-1.76125,0.172117
-0.37009,-1.75948,0.168598
-0.371106,-1.75759,0.164807
-0.37197,-1.75557,0.161216
-0.37284,-1.75367,0.15801
-0.37284,-1.75367,0.15801
-0.372267,-1.75267,0.146542
-0.373225,-1.75091,0.143329
-0.374104,-1.74918,0.140335
-0.37512,-1.74733,0.137376
-0.375665,-1.74541,0.134073
-0.376577,-1.74363,0.131388
-0.376577,-1.74363,0.131388
-0.37975,-1.74062,0.11942
-0.380187,-1.73848,0.105836
-0.380733,-1.73633,0.083884
-0.380174,-1.73688,0.0521345
-0.380591,-1.73682,0.0524711
-0.380574,-1.7368,0.0524077
-0.380574,-1.7368,0.0524077
-0.381432,-1.73177,0.0560175
-0.381432,-1.73177,0.0560175
-0.381432,-1.73177,0.0560172
-0.381431,-1.73177,0.0560151
-0.381428,-1.73176,0.0560179
-0.381428,-1.73177,0.0560197
-0.381428,-1.73177,0.0560197
-0.381882,-1.72913,0.044521
-0.381883,-1.72913,0.0445202
-0.381883,-1.72913,0.0445176
-0.381884,-1.72913,0.0445191
-0.381885,-1.72913,0.0445206
-0.381884,-1.72913,0.0445189
-0.381884,-1.72913,0.0445189
-0.382118,-1.72775,0.0344362
-0.382117,-1.72775,0.0344354
-0.382119,-1.72775,0.0344346
-0.38212,-1.72775,0.0344329
-0.38212,-1.72775,0.0344313
-0.382121,-1.72775,0.0344302
-0.382121,-1.72775,0.0344302
-0.382507,-1.72345,0.0274072
-0.382504,-1.72346,0.0274073
-0.382504,-1.72346,0.0274071
-0.382508,-1.72346,0.0274067
-0.382512,-1.72346,0.0274062
-0.382507,-1.72346,0.0274064
-0.382505,-1.72346,0.0274073
-0.38251,-1.72346,0.0274022
-0.382513,-1.72346,0.0274024
-0.382515,-1.72346,0.0274012
-0.382516,-1.72346,0.0274021
-0.382517,-1.72346,0.0274031
-0.382519,-1.72346,0.0274042
-0.382519,-1.72346,0.0274046
-0.382547,-1.72346,0.0274076
