0,0,0, 0
-5.87094e-06,-3.13511e-06,-1.58524e-05, 0
-4.37167e-06,-5.2479e-07,-1.54041e-05, 0
-5.81955e-06,-3.85085e-06,-1.54453e-05, 0
-6.21136e-06,-4.80475e-06,-1.49545e-05, 0
-5.34251e-06,-5.39837e-06,-1.50695e-05, 0
-4.84931e-06,-8.96314e-06,-1.46624e-05, 0
-4.82166e-06,-3.47244e-06,-1.48819e-05, 0
-5.65694e-06,-5.93481e-06,-1.51432e-05, 0
-5.66628e-06,-6.87076e-06,-1.46386e-05, 0
-6.02343e-06,-7.56445e-06,-1.42763e-05, 0
-4.12303e-06,-1.05596e-05,-1.41858e-05, 0
-5.50784e-06,-5.33824e-06,-1.38421e-05, 0
-5.20726e-06,-2.90263e-06,-1.58584e-05, 0
-5.25524e-06,-3.81778e-06,-1.58034e-05, 0
-5.70126e-06,-4.61386e-06,-1.51002e-05, 0
-5.63496e-06,-1.21221e-05,-1.33819e-05, 0
-5.09611e-06,-7.35152e-06,-1.39551e-05, 0
-6.48002e-06,-6.69571e-06,-1.51922e-05, 0
-6.2354e-06,-7.01909e-06,-1.4728e-05, 0
-5.91012e-06,-7.11779e-06,-1.49418e-05, 0
-5.3042e-06,-1.3927e-05,-1.36569e-05, 0
-4.70335e-06,-9.92172e-06,-1.38485e-05, 0
-5.95315e-06,-9.53478e-06,-1.49112e-05, 0
-5.75023e-06,-1.01396e-05,-1.47775e-05, 0
-6.21812e-06,-1.13582e-05,-1.40467e-05, 0
-4.74554e-06,-1.72516e-05,-1.3459e-05, 0
-5.61462e-06,-1.24015e-05,-1.35275e-05, 0
-5.59128e-06,-1.09671e-05,-1.5221e-05, 0
-6.74001e-06,-1.06595e-05,-1.52714e-05, 0
-6.58033e-06,-1.06722e-05,-1.52141e-05, 0
-6.22088e-06,-1.75501e-05,-1.37602e-05, 0
-5.18639e-06,-1.25105e-05,-1.40849e-05, 0
-7.03406e-06,-1.26616e-05,-1.47632e-05, 0
-7.11837e-06,-1.24302e-05,-1.47416e-05, 0
-6.79092e-06,-1.28106e-05,-1.3749e-05, 0
-6.56868e-06,-1.28191e-05,-1.41513e-05, 0
-6.40059e-06,-9.65873e-06,-1.43435e-05, 0
-6.6076e-06,-1.11863e-05,-1.37826e-05, 0
-7.22526e-06,-1.12877e-05,-1.33655e-05, 0
-7.28706e-06,-1.1343e-05,-1.32829e-05, 0
-7.47432e-06,-1.13316e-05,-1.33849e-05, 0
-6.7281e-06,-1.08041e-05,-1.2447e-05, 0
-6.79373e-06,-1.047e-05,-1.26365e-05, 0
-6.94956e-06,-1.06448e-05,-1.23838e-05, 0
-5.79896e-06,-1.05084e-05,-1.26842e-05, 0
-7.16029e-06,-1.07917e-05,-1.31794e-05, 0
-7.60969e-06,-1.17793e-05,-1.20592e-05, 0
-7.41057e-06,-1.17963e-05,-1.21842e-05, 0
-7.26924e-06,-1.17097e-05,-1.23828e-05, 0
-7.55192e-06,-1.16051e-05,-1.21114e-05, 0
-6.27879e-06,-1.09571e-05,-1.31951e-05, 0
-5.73306e-06,-1.10455e-05,-1.26853e-05, 0
-5.67166e-06,-1.1184e-05,-1.2011e-05, 0
-6.23312e-06,-1.18378e-05,-1.24283e-05, 0
-6.23721e-06,-1.20786e-05,-1.25376e-05, 0
-6.87757e-06,-1.2164e-05,-1.26042e-05, 0
-5.86468e-06,-1.21419e-05,-1.26185e-05, 0
-5.17134e-06,-1.24983e-05,-1.232e-05, 0
-5.14011e-06,-1.28433e-05,-1.2156e-05, 0
-5.03894e-06,-1.30951e-05,-1.22565e-05, 0
-5.28941e-06,-1.21342e-05,-1.262e-05, 0
-5.32551e-06,-1.29809e-05,-1.18629e-05, 0
-5.21589e-06,-1.30827e-05,-1.1851e-05, 0
-4.99682e-06,-1.30148e-05,-1.1857e-05, 0
-4.90054e-06,-1.30342e-05,-1.20916e-05, 0
-5.24534e-06,-1.28583e-05,-1.21854e-05, 0
-5.00355e-06,-1.27937e-05,-1.13489e-05, 0
-4.98832e-06,-1.22339e-05,-1.13907e-05, 0
-4.53132e-06,-1.21556e-05,-1.14482e-05, 0
-5.02851e-06,-1.33968e-05,-1.10008e-05, 0
-5.0509e-06,-1.26367e-05,-1.17488e-05, 0
-4.6526e-06,-1.15365e-05,-1.1788e-05, 0
-4.87356e-06,-3.72725e-06,-2.01671e-05, 0
-4.76115e-06,-4.34746e-06,-2.00943e-05, 0
-4.7741e-06,-4.14211e-06,-1.99899e-05, 0
-3.50615e-07,2.1292e-05,-2.74671e-05, 0
-1.47262e-09,2.20696e-05,-2.78057e-05, 0
2.52578e-06,1.25226e-05,-1.9863e-05, 0
2.47359e-06,1.24197e-05,-1.97354e-05, 0
3.00017e-06,1.2808e-05,-1.99712e-05, 0
3.12244e-06,1.40072e-05,-2.04093e-05, 0
2.77531e-06,1.61193e-05,-2.08896e-05, 0
2.6319e-06,1.53871e-05,-2.09398e-05, 0
2.50059e-06,1.50261e-05,-2.07411e-05, 0
3.30583e-06,1.57623e-05,-2.08113e-05, 0
3.16511e-06,1.4899e-05,-2.06673e-05, 0
3.30222e-06,1.46795e-05,-2.04626e-05, 0
3.33381e-06,1.52042e-05,-2.05439e-05, 0
3.30486e-06,1.51889e-05,-2.05829e-05, 0
3.42392e-06,1.42487e-05,-2.00951e-05, 0
0.000109604,-0.000249311,0.000238916, 0
0.000879101,-0.000311202,0.00241581, 0
0.00123814,-0.00128603,0.0136536, 0
0.00219402,-0.00194992,0.0334646, 0
0.00261754,-0.00285661,0.0600844, 0
0.00345494,-0.00387106,0.0968897, 0
0.00405807,-0.00470529,0.140584, 0
0.00462358,-0.00657699,0.189768, 1
0.00491075,-0.00808585,0.249918, 1
0.00478527,-0.0100195,0.317292, 1
0.00537187,-0.0117108,0.388088, 1
0.00572042,-0.0139229,0.471218, 1
0.00581861,-0.01651,0.559033, 1
0.00559779,-0.018022,0.643498, 1
0.00675811,-0.0208279,0.729861, 1
0.00695683,-0.0234417,0.811294, 1
0.00806896,-0.0250911,0.887614, 1
0.0088723,-0.0268919,0.966521, 1
0.00873417,-0.0293331,1.04145, 1
0.0104683,-0.0319622,1.10752, 1
0.0119161,-0.032667,1.17544, 1
0.0121456,-0.0358275,1.24247, 1
0.0131411,-0.0380017,1.30305, 1
0.0143097,-0.0402924,1.36466, 1
0.0159086,-0.0430482,1.42295, 1
0.0180676,-0.0447733,1.47658, 1
0.0189362,-0.0477191,1.53336, 1
0.0217139,-0.0491925,1.58729, 1
0.0234259,-0.0509688,1.63766, 1
0.0259689,-0.0527587,1.68968, 1
0.0269894,-0.0543875,1.74048, 1
0.0281105,-0.0558508,1.78636, 1
0.0303038,-0.0572894,1.83193, 1
0.031526,-0.0596134,1.87486, 1
0.0328401,-0.0619071,1.91416, 1
0.0351624,-0.0636015,1.95578, 1
0.0364024,-0.0656558,1.99635, 1
0.0381549,-0.0675155,2.03174, 1
0.0395109,-0.0699644,2.07109, 1
0.0410888,-0.0717124,2.10585, 1
0.0425758,-0.0728745,2.1389, 1
0.043435,-0.0742018,2.17266, 1
0.0445299,-0.0767562,2.20667, 1
0.0453209,-0.0778713,2.23715, 1
0.0467397,-0.0796432,2.26858, 1
0.0468226,-0.0805417,2.29732, 1
0.0462888,-0.0808793,2.32777, 1
0.0469254,-0.0832723,2.35446, 1
0.0483835,-0.0846102,2.38138, 1
0.0484667,-0.08533,2.40477, 1
0.0496326,-0.0848068,2.42909, 1
0.0503382,-0.085854,2.45264, 1
0.0506958,-0.0867787,2.47371, 1
0.0522882,-0.0878944,2.49426, 1
0.0535128,-0.0897421,2.51481, 1
0.0543892,-0.0906224,2.53251, 1
0.0549561,-0.0899736,2.5499, 1
0.0542685,-0.0919446,2.56951, 1
0.0548821,-0.0929184,2.58593, 1
0.0556566,-0.0936948,2.60303, 1
0.0562398,-0.0944616,2.61799, 1
0.0568974,-0.0951794,2.63064, 1
0.0568511,-0.095846,2.64451, 1
0.0572419,-0.0969577,2.65807, 1
0.0578155,-0.0978099,2.66942, 1
0.0580165,-0.0971161,2.68094, 1
0.0579631,-0.0985881,2.69329, 1
0.0578791,-0.0988627,2.70504, 1
0.0575687,-0.100031,2.71337, 1
0.0577526,-0.100155,2.72522, 1
0.0573453,-0.100259,2.73588, 1
0.0578764,-0.0999872,2.74502, 1
0.0592981,-0.100756,2.75309, 1
0.05962,-0.1013,2.76087, 1
0.05939,-0.101729,2.76704, 1
0.0591533,-0.102057,2.77405, 1
0.0592582,-0.102563,2.7808, 1
0.06001,-0.102906,2.78689, 1
0.0600341,-0.104434,2.79209, 1
0.0593988,-0.104667,2.79726, 1
0.0594041,-0.105035,2.80328, 1
0.0591142,-0.105474,2.80788, 1
0.0590685,-0.105428,2.81169, 1
0.0589497,-0.105559,2.81655, 1
0.0581902,-0.105875,2.8207, 1
0.0576224,-0.106078,2.82442, 1
0.0574279,-0.106345,2.82843, 1
0.057526,-0.106962,2.83052, 1
0.0574735,-0.106895,2.83502, 1
0.0570428,-0.107095,2.83936, 1
0.0561524,-0.106296,2.84252, 1
0.0555959,-0.106268,2.84487, 1
0.0558801,-0.105838,2.84878, 1
0.0552433,-0.105525,2.85098, 1
0.0539718,-0.104514,2.85302, 1
0.0535476,-0.104311,2.85538, 1
0.0530549,-0.103835,2.85755, 1
0.0522925,-0.103286,2.85943, 1
0.0514242,-0.102909,2.86128, 1
0.050975,-0.102372,2.86294, 1
0.0502467,-0.102065,2.86459, 1
0.0493706,-0.101936,2.86647, 1
0.04872,-0.101854,2.86855, 1
0.0479091,-0.101581,2.86967, 1
0.0472937,-0.100732,2.87064, 1
0.0461187,-0.100493,2.87177, 1
0.0450768,-0.10012,2.87305, 1
0.0438458,-0.0998327,2.87464, 1
0.0427782,-0.0992438,2.8758, 1
0.0423774,-0.0994314,2.87753, 1
0.0416976,-0.0979101,2.87818, 1
0.0402362,-0.0974178,2.87883, 1
0.0393406,-0.0970182,2.88, 1
0.0386193,-0.0962681,2.88091, 1
0.0372092,-0.0956213,2.88191, 1
0.036185,-0.0947148,2.88247, 1
0.0350379,-0.0939451,2.88331, 1
0.0340461,-0.0932434,2.88412, 1
0.0328915,-0.0926767,2.88449, 1
0.0316432,-0.0920472,2.88508, 1
0.0305267,-0.0911657,2.88538, 1
0.0295975,-0.0902371,2.88573, 1
0.0281885,-0.0896727,2.88588, 1
0.0271589,-0.0887686,2.88607, 1
0.0260964,-0.0882692,2.88669, 1
0.0251503,-0.0878329,2.88702, 1
0.023702,-0.0871509,2.88696, 1
0.0223924,-0.0867904,2.88724, 1
0.0209845,-0.086583,2.88766, 1
0.0198642,-0.0859914,2.88767, 1
0.0166138,-0.0841782,2.88931, 1
0.0151229,-0.0837727,2.8895, 1
0.0135756,-0.0839655,2.88819, 1
0.0121773,-0.0834464,2.88853, 1
0.010924,-0.0830424,2.88863, 1
0.0092164,-0.0824461,2.8882, 1
0.008552,-0.0812061,2.88794, 1
0.00908165,-0.0801724,2.88786, 1
0.0114614,-0.0792696,2.88785, 1
0.0147037,-0.0808086,2.88783, 1
0.0204352,-0.0799161,2.88772, 1
0.0292851,-0.0789138,2.88841, 1
0.0388488,-0.0787088,2.88887, 1
0.0500985,-0.0785881,2.88897, 1
0.063459,-0.0785449,2.88904, 1
0.0784847,-0.0791983,2.88913, 1
0.0940633,-0.0790316,2.89044, 1
0.110037,-0.0793842,2.89149, 1
0.126862,-0.0791725,2.89049, 1
0.147395,-0.0796298,2.89022, 1
0.169642,-0.0791219,2.88914, 1
0.193182,-0.0781371,2.88803, 1
0.220131,-0.078325,2.88748, 1
0.248445,-0.0780546,2.88675, 1
0.277305,-0.0777548,2.88569, 1
0.310759,-0.0781912,2.88516, 1
0.346105,-0.0775063,2.8831, 1
0.381296,-0.0775296,2.88173, 0
0.420662,-0.0776568,2.88059, 0
0.461596,-0.0778028,2.87902, 0
0.50199,-0.0788891,2.87888, 0
0.545683,-0.0795836,2.87822, 0
0.591358,-0.0796103,2.87738, 0
0.635676,-0.0795764,2.8759, 0
0.683955,-0.0798977,2.87471, 0
0.73241,-0.0803701,2.87371, 0
0.777646,-0.0804078,2.87273, 0
0.827214,-0.0812994,2.87245, 0
0.876406,-0.0833006,2.87299, 0
0.926219,-0.0830693,2.87284, 0
0.979613,-0.0848463,2.87303, 0
1.03392,-0.0852096,2.87274, 0
1.08512,-0.0862356,2.87263, 0
1.13999,-0.0876886,2.8725, 0
1.19766,-0.0871546,2.87177, 0
1.24918,-0.0878019,2.87218, 0
1.30722,-0.0900541,2.87308, 0
1.36698,-0.0880892,2.87105, 0
1.42623,-0.0860823,2.87024, 0
1.48377,-0.0862912,2.87041, 0
1.5422,-0.0875301,2.87128, 0
1.59634,-0.0925954,2.87601, 0
1.65749,-0.0906181,2.87483, 0
1.71834,-0.0888106,2.87284, 0
1.77875,-0.0874776,2.87276, 0
1.84297,-0.0845332,2.87167, 0
1.90112,-0.0844625,2.87057, 0
1.96018,-0.0824248,2.8698, 0
2.0203,-0.0823517,2.87089, 0
2.08159,-0.0817784,2.87093, 0
2.14035,-0.082845,2.87368, 0
2.20508,-0.0786085,2.87152, 0
2.2674,-0.0805766,2.87389, 0
2.327,-0.0803176,2.87345, 0
2.39197,-0.0781508,2.87162, 0
2.45512,-0.0765194,2.87146, 0
2.5189,-0.0731122,2.86845, 0
2.58558,-0.0688944,2.86667, 0
2.64886,-0.0686155,2.86552, 0
2.71048,-0.0679093,2.86468, 0
2.77564,-0.0675465,2.86797, 0
2.8367,-0.0709222,2.8714, 0
2.89798,-0.074047,2.8735, 0
2.96105,-0.0771491,2.87586, 0
3.02457,-0.0786967,2.87601, 0
3.08547,-0.0788168,2.87512, 0
3.15518,-0.0758291,2.87329, 0
3.22488,-0.0677547,2.86743, 0
3.28956,-0.0691022,2.87182, 0
3.35949,-0.0627133,2.86779, 0
3.4253,-0.0625128,2.86793, 0
3.49036,-0.0639286,2.86733, 0
3.5582,-0.067056,2.86873, 0
3.62542,-0.0692825,2.86877, 0
3.68798,-0.0692017,2.86502, 0
3.75121,-0.0701541,2.86858, 0
3.8149,-0.0678703,2.86965, 0
3.87357,-0.0683022,2.87124, 0
3.93814,-0.0707968,2.87261, 0
4.00234,-0.0739562,2.87574, 0
4.0613,-0.0764499,2.87785, 0
4.12745,-0.0818251,2.88369, 0
4.19363,-0.0862504,2.88723, 0
4.25427,-0.0870917,2.88831, 0
4.32148,-0.0867514,2.88892, 0
4.38593,-0.0903369,2.89136, 0
4.45172,-0.095615,2.8961, 0
4.51681,-0.103146,2.90225, 0
4.58343,-0.10513,2.90301, 0
4.64741,-0.111332,2.90876, 0
4.71674,-0.114202,2.91142, 0
4.78029,-0.113832,2.91115, 0
4.84308,-0.114497,2.9122, 0
4.91024,-0.114874,2.91276, 0
4.97536,-0.11858,2.91627, 0
5.03567,-0.120758,2.91895, 0
5.10272,-0.120946,2.91856, 0
5.16746,-0.127633,2.92476, 0
5.2285,-0.132208,2.92785, 0
5.29485,-0.135894,2.9311, 0
5.36545,-0.137958,2.93258, 0
5.43464,-0.142768,2.93786, 0
5.49956,-0.14609,2.94007, 0
5.56953,-0.154243,2.94726, 0
5.62313,-0.161351,2.95473, 0
5.69197,-0.164242,2.95847, 0
5.76735,-0.162028,2.95935, 0
5.83939,-0.15981,2.95952, 0
5.90748,-0.163207,2.96387, 0
5.9788,-0.165078,2.96696, 0
6.04759,-0.164045,2.96747, 0
6.12137,-0.161607,2.96826, 0
6.19956,-0.159164,2.96758, 0
6.27141,-0.158677,2.96964, 0
6.34305,-0.169521,2.97807, 0
6.41744,-0.168488,2.97827, 0
6.48557,-0.172645,2.98331, 0
6.5588,-0.177039,2.98963, 0
6.6285,-0.184401,2.99738, 0
6.69892,-0.188322,3.00052, 0
6.76824,-0.187189,3.00321, 0
6.84933,-0.187825,3.00545, 0
6.91578,-0.192655,3.00995, 0
6.9919,-0.197411,3.01484, 0
7.06328,-0.200812,3.01862, 0
7.13223,-0.206016,3.02376, 0
7.20495,-0.208088,3.0255, 0
7.28496,-0.210358,3.0291, 0
7.34678,-0.217186,3.03625, 0
7.42083,-0.218269,3.03905, 0
7.49727,-0.222895,3.04539, 0
7.56788,-0.223753,3.04873, 0
7.64307,-0.22418,3.04852, 0
7.7162,-0.222585,3.04901, 0
7.78219,-0.222937,3.04989, 0
7.85959,-0.224031,3.05157, 0
7.93234,-0.219145,3.04848, 0
8.0058,-0.222191,3.05349, 0
8.07383,-0.227806,3.05721, 0
8.14708,-0.233935,3.06265, 0
8.21628,-0.233454,3.06286, 0
8.29406,-0.236989,3.06597, 0
8.36955,-0.242308,3.07107, 0
8.44047,-0.2396,3.06934, 0
8.51635,-0.239935,3.06965, 0
8.59482,-0.240173,3.07029, 0
8.66505,-0.240192,3.06977, 0
8.73961,-0.24422,3.07219, 0
8.81763,-0.25033,3.07494, 0
8.88981,-0.254437,3.07769, 0
8.96908,-0.257877,3.07905, 0
9.04553,-0.260223,3.07951, 0
9.11953,-0.250564,3.07043, 0
9.19805,-0.251664,3.06945, 0
9.27319,-0.254741,3.07031, 0
9.34117,-0.256371,3.07099, 0
9.41571,-0.259483,3.07227, 0
9.49337,-0.260669,3.07195, 0
9.56529,-0.261903,3.07087, 0
9.64062,-0.266703,3.0705, 0
9.71815,-0.272779,3.07391, 0
9.79062,-0.273539,3.0714, 0
9.86951,-0.277971,3.07322, 0
9.94658,-0.282916,3.07465, 0
10.0228,-0.28655,3.07622, 0
10.1036,-0.286288,3.07361, 0
10.1785,-0.291008,3.07465, 0
10.2499,-0.29637,3.07643, 0
10.3309,-0.294212,3.072, 0
10.4055,-0.298052,3.07436, 1
10.4777,-0.300139,3.0728, 1
10.5515,-0.309938,3.07732, 1
10.619,-0.320484,3.08588, 1
10.694,-0.325339,3.08615, 1
10.7762,-0.327411,3.08642, 1
10.8602,-0.32042,3.07983, 1
10.9397,-0.319726,3.0756, 1
11.0173,-0.322089,3.07478, 1
11.0903,-0.328346,3.07873, 1
11.1639,-0.332936,3.07921, 1
11.2433,-0.333248,3.07628, 1
11.3233,-0.329705,3.07059, 1
11.3947,-0.332222,3.07127, 1
11.4765,-0.332016,3.06777, 1
11.5559,-0.332069,3.06626, 1
11.6308,-0.335752,3.06682, 1
11.7068,-0.340136,3.06586, 1
11.7767,-0.347427,3.06816, 1
11.8514,-0.348884,3.06634, 1
11.9285,-0.351404,3.06449, 1
12.0087,-0.354514,3.06395, 1
12.0836,-0.353826,3.06063, 1
12.1646,-0.354854,3.05881, 1
12.2524,-0.350876,3.05326, 1
12.3278,-0.353081,3.05169, 1
12.4114,-0.348856,3.04689, 1
12.4849,-0.342639,3.04049, 1
12.5531,-0.347826,3.04085, 1
12.6309,-0.34379,3.03715, 1
12.7096,-0.348773,3.03498, 1
12.78,-0.350347,3.03471, 1
12.8606,-0.351248,3.03388, 1
12.9356,-0.352609,3.0319, 1
13.0087,-0.356389,3.03059, 1
13.0897,-0.359752,3.02965, 1
13.1722,-0.363108,3.02901, 1
13.2475,-0.366094,3.02758, 1
13.3246,-0.369082,3.02693, 1
13.4,-0.369686,3.02453, 1
13.4714,-0.370362,3.02198, 1
13.5459,-0.374366,3.02073, 1
13.6225,-0.37361,3.01721, 1
13.6928,-0.375529,3.01691, 1
13.7703,-0.373268,3.01256, 1
13.846,-0.372133,3.01, 1
13.9183,-0.371359,3.00707, 1
13.9919,-0.374447,3.00593, 1
14.0689,-0.377084,3.00521, 1
14.1387,-0.384549,3.00869, 1
14.2155,-0.388835,3.00816, 1
14.2939,-0.391855,3.0091, 1
14.3684,-0.392874,3.00652, 1
14.4438,-0.392014,3.00305, 1
14.5225,-0.391865,2.99928, 1
14.6019,-0.386206,2.99217, 1
14.6826,-0.388135,2.98979, 1
14.7647,-0.386677,2.98554, 1
14.8387,-0.384179,2.98012, 1
14.916,-0.384485,2.9767, 1
14.9948,-0.385653,2.97542, 1
15.0749,-0.380013,2.96908, 1
15.1543,-0.383837,2.96857, 1
15.2346,-0.383356,2.96548, 1
15.3081,-0.385605,2.96393, 1
15.3905,-0.385875,2.96148, 1
15.4727,-0.382266,2.95516, 1
15.5546,-0.382444,2.9523, 1
15.6355,-0.389963,2.95365, 1
15.7157,-0.389098,2.94847, 1
15.7936,-0.388481,2.94348, 1
15.8736,-0.390918,2.94258, 1
15.9529,-0.392277,2.93841, 1
16.0235,-0.392078,2.93573, 1
16.1008,-0.39153,2.92982, 1
16.1815,-0.389528,2.92359, 1
16.2601,-0.389625,2.91855, 1
16.3413,-0.387192,2.91102, 1
16.4195,-0.389399,2.90789, 1
16.4903,-0.394287,2.90808, 1
16.573,-0.393641,2.90386, 1
16.6532,-0.393567,2.90096, 1
16.7249,-0.394825,2.89816, 1
16.8024,-0.39784,2.89642, 1
16.8805,-0.40113,2.89522, 1
16.9547,-0.399998,2.8893, 1
17.0348,-0.400481,2.8862, 1
17.1191,-0.398451,2.88133, 1
17.1979,-0.395257,2.87542, 1
17.2797,-0.393554,2.87041, 1
17.3614,-0.391494,2.86192, 1
17.4372,-0.386547,2.85403, 1
17.5186,-0.386036,2.84872, 1
17.599,-0.381424,2.84083, 1
17.6752,-0.376632,2.83549, 1
17.752,-0.380213,2.83393, 1
17.8292,-0.382033,2.83193, 1
17.9035,-0.383711,2.82953, 1
17.9808,-0.388853,2.82849, 1
18.0631,-0.389585,2.8262, 1
18.1383,-0.392355,2.8262, 1
18.2233,-0.385513,2.81813, 1
18.3035,-0.384981,2.81454, 1
18.3822,-0.373964,2.80423, 1
18.4642,-0.375659,2.80104, 1
18.5362,-0.372874,2.79687, 1
18.608,-0.374295,2.79432, 1
18.6866,-0.374993,2.79157, 1
18.7659,-0.379015,2.79098, 1
18.8421,-0.377536,2.78604, 1
18.9195,-0.38082,2.7847, 1
18.9951,-0.386028,2.78481, 1
19.07,-0.388494,2.78393, 1
19.1521,-0.385205,2.77774, 1
19.2318,-0.386845,2.77521, 1
19.3038,-0.390054,2.77424, 1
19.3833,-0.385496,2.7669, 1
19.4601,-0.387008,2.76452, 1
19.5397,-0.381618,2.75674, 1
19.6226,-0.38099,2.75399, 1
19.7052,-0.380288,2.74822, 1
19.7873,-0.376669,2.74286, 1
19.8602,-0.381727,2.7445, 1
19.9373,-0.383281,2.7412, 1
20.0146,-0.383945,2.73755, 1
20.0913,-0.385825,2.73663, 1
20.1716,-0.380224,2.73013, 1
20.2483,-0.377727,2.72495, 1
20.3314,-0.376545,2.72092, 1
20.4124,-0.378193,2.72013, 1
20.4923,-0.371627,2.71282, 1
20.5728,-0.371046,2.70971, 1
20.6559,-0.366708,2.70394, 1
20.7277,-0.369526,2.70298, 1
20.8064,-0.368955,2.6995, 1
20.8901,-0.3663,2.6957, 1
20.9669,-0.359805,2.68918, 1
21.0489,-0.354609,2.68327, 1
21.1299,-0.353609,2.68001, 1
21.2077,-0.354919,2.67686, 1
21.2901,-0.352942,2.67358, 1
21.3711,-0.352652,2.6698, 1
21.4464,-0.353872,2.6679, 1
21.5251,-0.354064,2.66513, 1
21.6074,-0.352131,2.66135, 1
21.6861,-0.349583,2.65633, 1
21.7658,-0.347954,2.65273, 1
21.846,-0.347611,2.65019, 1
21.9221,-0.347345,2.64789, 1
22.0009,-0.354881,2.65096, 1
22.0835,-0.352773,2.64682, 0
22.1594,-0.357125,2.64791, 0
22.2457,-0.348614,2.63923, 0
22.3232,-0.355879,2.64269, 0
22.4057,-0.347644,2.63321, 0
22.4874,-0.345912,2.6295, 0
22.5679,-0.344805,2.62804, 0
22.6472,-0.340273,2.62246, 0
22.7309,-0.33374,2.61653, 0
22.8091,-0.332056,2.61254, 0
22.885,-0.331378,2.61057, 0
22.9648,-0.328242,2.60622, 0
23.0498,-0.32326,2.60113, 0
23.1282,-0.316435,2.59326, 0
23.208,-0.315496,2.59058, 0
23.29,-0.310108,2.58431, 0
23.3674,-0.30675,2.58035, 0
23.4465,-0.306717,2.57881, 0
23.5281,-0.306232,2.57657, 0
23.6046,-0.30224,2.57178, 0
23.6872,-0.301075,2.56918, 0
23.7732,-0.295826,2.56387, 0
23.8499,-0.296604,2.56304, 0
23.9352,-0.291014,2.55622, 0
24.0181,-0.287435,2.55304, 0
24.0942,-0.285534,2.54945, 0
24.1767,-0.282315,2.54496, 0
24.2637,-0.276309,2.53935, 0
24.3394,-0.270084,2.53292, 0
24.4207,-0.27326,2.53285, 0
24.5014,-0.271781,2.5299, 0
24.5799,-0.268044,2.52651, 0
24.6619,-0.259936,2.51988, 0
24.746,-0.252101,2.51315, 0
24.8227,-0.247342,2.50845, 0
24.9083,-0.24106,2.5032, 0
24.9915,-0.23841,2.5002, 0
25.0683,-0.233322,2.49499, 0
25.1549,-0.223948,2.48774, 0
25.2402,-0.216845,2.48253, 0
25.3207,-0.211713,2.47694, 0
25.4045,-0.20269,2.4709, 0
25.487,-0.198695,2.46673, 0
25.5653,-0.189969,2.46044, 0
25.6454,-0.187955,2.45862, 0
25.7226,-0.181784,2.45405, 0
25.7947,-0.178776,2.45141, 0
25.8749,-0.176987,2.45033, 0
25.9537,-0.171036,2.44649, 0
26.0269,-0.167761,2.4447, 0
26.1101,-0.162223,2.441, 0
26.1975,-0.152361,2.43498, 0
26.2752,-0.145085,2.43105, 0
26.3561,-0.142271,2.42956, 0
26.4333,-0.143478,2.43237, 0
26.5078,-0.145493,2.43206, 0
26.5863,-0.149201,2.43666, 0
26.6695,-0.143515,2.43299, 0
26.7525,-0.133827,2.42771, 0
26.8337,-0.124682,2.42305, 0
26.9149,-0.120039,2.42047, 0
26.9892,-0.1173,2.42057, 0
27.0706,-0.113757,2.41959, 0
27.1525,-0.110036,2.42064, 0
27.2261,-0.109825,2.42101, 0
27.3056,-0.106253,2.42087, 0
27.389,-0.0971682,2.41631, 0
27.4669,-0.0848096,2.4105, 0
27.5472,-0.078262,2.40876, 0
27.6362,-0.0608743,2.39807, 0
27.7101,-0.0533043,2.39627, 0
27.7916,-0.0470046,2.39383, 0
27.873,-0.040813,2.39189, 0
27.944,-0.0369129,2.39189, 0
28.02,-0.0348536,2.3935, 0
28.101,-0.0214511,2.38599, 0
28.1797,-0.0168173,2.39111, 0
28.2618,-0.0105593,2.3897, 0
28.3423,-0.00247448,2.38771, 0
28.4204,-0.000527695,2.38818, 0
28.4991,0.00460214,2.38906, 0
28.5802,0.0104657,2.38964, 0
28.6596,0.0163502,2.39108, 0
28.7405,0.0185156,2.39567, 0
28.8221,0.023109,2.3969, 0
28.8975,0.0272326,2.39782, 0
28.9777,0.0309223,2.40053, 0
29.0584,0.0355566,2.40194, 0
29.1324,0.0378721,2.40453, 0
29.2155,0.0465131,2.40355, 0
29.2983,0.0562365,2.40206, 0
29.378,0.0658196,2.40304, 0
29.4616,0.0783265,2.39856, 0
29.5409,0.083823,2.40166, 0
29.6108,0.0828903,2.40755, 0
29.6947,0.089151,2.41024, 0
29.7769,0.0938195,2.41138, 0
29.8518,0.0967752,2.4146, 0
29.934,0.108131,2.41285, 0
30.0145,0.113589,2.4153, 0
30.0885,0.118047,2.41616, 0
30.1701,0.126672,2.41646, 0
30.2545,0.133836,2.4184, 0
30.3302,0.138274,2.42316, 0
30.4137,0.145165,2.42338, 0
30.5,0.156712,2.42101, 0
30.5757,0.160282,2.42373, 0
30.6604,0.171262,2.42275, 0
30.7438,0.181846,2.42132, 0
30.8258,0.194332,2.41996, 0
30.9071,0.206847,2.41661, 0
30.9928,0.218472,2.4145, 0
31.0761,0.229606,2.41128, 0
31.1587,0.235071,2.41295, 0
31.2423,0.247645,2.41124, 0
31.3196,0.255014,2.41168, 0
31.4031,0.263957,2.41108, 0
31.4871,0.269743,2.41359, 0
31.5634,0.275932,2.41422, 0
31.6485,0.290696,2.40893, 0
31.7247,0.290123,2.41329, 0
31.804,0.303162,2.40888, 0
31.8894,0.318209,2.4045, 0
31.9696,0.321443,2.40643, 0
32.0476,0.326373,2.40692, 0
32.1334,0.341879,2.40214, 0
32.2186,0.355152,2.39691, 0
32.2952,0.36176,2.39488, 0
32.3833,0.380307,2.3888, 0
32.4699,0.402495,2.37696, 0
32.5602,0.420681,2.37003, 0
32.6359,0.433704,2.36499, 0
32.7206,0.442043,2.3647, 0
32.7997,0.451328,2.36449, 0
32.8808,0.459498,2.36277, 0
32.9639,0.468565,2.36161, 0
33.0434,0.478787,2.35948, 0
33.1289,0.4906,2.35609, 0
33.2111,0.498115,2.35568, 0
33.2919,0.507215,2.35668, 0
33.3741,0.517844,2.35453, 0
33.4575,0.532058,2.34813, 0
33.5405,0.545223,2.34317, 0
33.6225,0.55925,2.33831, 0
33.7065,0.567963,2.33708, 0
33.7842,0.579259,2.33218, 0
33.8694,0.598261,2.32587, 0
33.953,0.613014,2.32001, 0
34.0302,0.618396,2.31966, 0
34.1167,0.632287,2.31982, 0
34.2038,0.636167,2.32516, 0
34.2803,0.650885,2.32226, 0
34.3593,0.659083,2.32252, 0
34.4396,0.668843,2.322, 0
34.5167,0.677414,2.32205, 0
34.5978,0.688705,2.32018, 1
34.68,0.698265,2.31912, 1
34.7561,0.701678,2.32365, 1
34.8364,0.707348,2.32494, 1
34.9238,0.725526,2.32104, 1
35.0065,0.734405,2.32237, 1
35.0902,0.741144,2.32225, 1
35.1783,0.759826,2.31914, 1
35.2564,0.770807,2.31634, 1
35.3404,0.779787,2.31717, 1
35.4289,0.794128,2.315, 1
35.5088,0.803303,2.31322, 1
35.5889,0.812882,2.31438, 1
35.676,0.830327,2.31431, 1
35.7624,0.838588,2.31702, 1
35.8367,0.852351,2.3158, 1
35.917,0.862993,2.31675, 1
36.0009,0.870827,2.32039, 1
36.0784,0.876196,2.3242, 1
36.1646,0.890364,2.32265, 1
36.2443,0.901486,2.32118, 1
36.3295,0.915372,2.32104, 1
36.4147,0.929788,2.3171, 1
36.4977,0.937914,2.31875, 1
36.586,0.953283,2.31915, 1
36.6703,0.960504,2.32108, 1
36.7503,0.970091,2.32138, 1
36.8401,0.986306,2.31678, 1
36.9281,0.999019,2.31609, 1
37.0081,1.01234,2.31438, 1
37.0992,1.02829,2.31204, 1
37.1799,1.03903,2.314, 1
37.2566,1.04172,2.31585, 1
37.3432,1.05596,2.31381, 1
37.433,1.07723,2.30748, 1
37.5159,1.08889,2.30574, 1
37.6023,1.10449,2.30394, 1
37.6873,1.11701,2.30336, 1
37.7673,1.13296,2.29831, 1
37.8508,1.1504,2.29553, 1
37.9336,1.16222,2.29385, 1
38.0119,1.1746,2.29402, 1
38.094,1.18268,2.29656, 1
38.1725,1.19257,2.29899, 1
38.2496,1.19972,2.3026, 1
38.3372,1.22039,2.29734, 1
38.4179,1.23295,2.29458, 1
38.4988,1.25066,2.29031, 1
38.5839,1.26423,2.28847, 1
38.6681,1.2779,2.28585, 1
38.7443,1.29469,2.28257, 1
38.8217,1.30495,2.28248, 1
38.904,1.31895,2.28301, 1
38.9895,1.33645,2.27775, 1
39.0683,1.35142,2.27455, 1
39.1532,1.36604,2.27371, 1
39.2303,1.37612,2.27272, 1
39.3156,1.39339,2.27177, 1
39.3988,1.40971,2.26986, 1
39.4768,1.42159,2.26937, 1
39.5574,1.43413,2.26891, 1
39.6443,1.44648,2.26823, 1
39.7194,1.46258,2.26553, 1
39.7993,1.46663,2.26964, 1
39.8846,1.47962,2.27229, 1
39.9664,1.49419,2.2702, 1
40.0484,1.50703,2.27194, 1
40.1329,1.52144,2.27011, 1
40.2146,1.5436,2.26078, 1
40.3026,1.57053,2.25214, 1
40.3917,1.59138,2.24833, 1
40.469,1.60602,2.24445, 1
40.5552,1.63028,2.23814, 1
40.6353,1.65103,2.23116, 1
40.712,1.66242,2.23344, 1
40.7951,1.67714,2.23281, 1
40.8818,1.69771,2.22794, 1
40.9588,1.71181,2.2267, 1
41.0409,1.72681,2.22511, 1
41.1248,1.74388,2.2221, 1
41.201,1.75847,2.22076, 1
41.2867,1.77427,2.22046, 1
41.3653,1.78994,2.22009, 1
41.4447,1.80444,2.22066, 1
41.5293,1.82467,2.2183, 1
41.612,1.84089,2.21586, 1
41.6926,1.85995,2.21315, 1
41.7801,1.87867,2.20862, 1
41.8635,1.89581,2.20625, 1
41.9444,1.91703,2.20267, 1
42.0284,1.93307,2.20076, 1
42.112,1.95004,2.19827, 1
42.1921,1.96809,2.19535, 1
42.2792,1.98834,2.19062, 1
42.3693,2.00895,2.18733, 1
42.4453,2.02383,2.18974, 1
42.5355,2.04381,2.18858, 1
42.6156,2.05993,2.18695, 1
42.6965,2.07728,2.18699, 1
42.7827,2.0979,2.18235, 1
42.8687,2.11398,2.18426, 1
42.9467,2.13138,2.18268, 1
43.0278,2.14915,2.18331, 1
43.1092,2.16661,2.18295, 1
43.1873,2.18253,2.18343, 1
43.2716,2.20172,2.1821, 1
43.3556,2.22283,2.18039, 1
43.4351,2.24437,2.17667, 1
43.5193,2.26284,2.17587, 1
43.6059,2.28062,2.17867, 1
43.688,2.29822,2.18009, 1
43.7735,2.31894,2.17822, 1
43.8572,2.33685,2.17856, 1
43.9366,2.35725,2.17654, 1
44.0174,2.37828,2.17468, 1
44.0991,2.39694,2.17547, 1
44.1757,2.41379,2.17562, 1
44.2537,2.43288,2.17582, 1
44.3351,2.45558,2.173, 1
44.408,2.4786,2.16873, 1
44.4834,2.49937,2.16667, 1
44.5589,2.51681,2.16728, 1
44.6338,2.5337,2.1681, 1
44.7103,2.55217,2.16979, 1
44.7855,2.57327,2.16808, 1
44.8544,2.59536,2.16363, 1
44.9277,2.61795,2.1586, 1
45.0036,2.64221,2.15589, 1
45.0698,2.66245,2.15338, 1
45.1392,2.68131,2.15252, 1
45.2055,2.7001,2.15049, 1
45.2706,2.72051,2.14646, 1
45.3365,2.73948,2.14466, 1
45.3993,2.75431,2.14331, 1
45.4576,2.77035,2.14313, 1
45.5175,2.78552,2.14444, 1
45.5768,2.80474,2.14116, 1
45.6333,2.82628,2.13856, 1
45.6899,2.84568,2.1348, 1
45.7461,2.86258,2.13392, 1
45.7972,2.87852,2.13212, 1
45.8547,2.89332,2.13237, 1
45.9069,2.90789,2.13165, 1
45.9559,2.92101,2.13209, 1
46.0042,2.93603,2.13004, 1
46.0548,2.95445,2.13003, 1
46.099,2.96635,2.12955, 1
46.1445,2.97886,2.13028, 0
46.1891,2.99377,2.129, 0
46.2314,3.01081,2.12631, 0
46.2731,3.02381,2.12401, 0
46.3157,3.03837,2.1224, 0
46.3545,3.0513,2.12159, 0
46.3914,3.06443,2.12001, 0
46.4291,3.07954,2.11852, 0
46.4615,3.08634,2.12014, 0
46.5,3.09766,2.12161, 0
46.5353,3.10951,2.11982, 0
46.5683,3.11968,2.11985, 0
46.599,3.12964,2.11825, 0
46.6294,3.1384,2.11648, 0
46.6598,3.14311,2.11968, 0
46.6895,3.15538,2.11631, 0
46.7195,3.16577,2.11523, 0
46.7457,3.17487,2.11373, 0
46.7721,3.18406,2.11259, 0
46.799,3.19365,2.11205, 0
46.8227,3.20125,2.11178, 0
46.8481,3.21174,2.10847, 0
46.8722,3.22094,2.10656, 0
46.8905,3.22993,2.10444, 0
46.9122,3.2373,2.10401, 0
46.9306,3.24649,2.10106, 0
46.9503,3.25256,2.10231, 0
46.9676,3.26232,2.09731, 0
46.9851,3.26918,2.09602, 0
47.0021,3.27627,2.09475, 0
47.0166,3.28286,2.09302, 0
47.0303,3.29108,2.09019, 0
47.0422,3.29464,2.08963, 0
47.0557,3.30244,2.08762, 0
47.0684,3.30754,2.08531, 0
47.079,3.31461,2.08176, 0
47.0895,3.32046,2.08001, 0
47.0998,3.32663,2.07753, 0
47.1085,3.33027,2.07687, 0
47.1188,3.33381,2.07612, 0
47.1272,3.33901,2.07397, 0
47.1358,3.34557,2.07302, 0
47.143,3.34887,2.0722, 0
47.1482,3.3526,2.06803, 0
47.1543,3.35642,2.06794, 0
47.1599,3.35972,2.0672, 0
47.1627,3.36473,2.06398, 0
47.1647,3.36901,2.0616, 0
47.1692,3.37413,2.05933, 0
47.1716,3.37777,2.05644, 0
47.1739,3.38006,2.05481, 0
47.175,3.38403,2.05368, 0
47.1748,3.38836,2.05153, 0
47.1736,3.38918,2.05134, 0
47.1726,3.39331,2.05056, 0
47.1715,3.39579,2.05006, 0
47.17,3.39764,2.04998, 0
47.1672,3.39976,2.04907, 0
47.1649,3.40184,2.04942, 0
47.1623,3.40297,2.04983, 0
47.1582,3.40403,2.05161, 0
47.1544,3.40466,2.05251, 0
47.1498,3.40596,2.05305, 0
47.1439,3.40641,2.05425, 0
47.1382,3.40763,2.05591, 0
47.1343,3.40816,2.05686, 0
47.1278,3.40907,2.05707, 0
47.1229,3.40887,2.05944, 0
47.1167,3.4097,2.05984, 0
47.1094,3.40917,2.06035, 0
47.1032,3.40872,2.0616, 0
47.0959,3.40891,2.06293, 0
47.0881,3.40831,2.06419, 0
47.0797,3.4078,2.06562, 0
47.0706,3.40754,2.06553, 0
47.0621,3.40659,2.06794, 0
47.0522,3.40562,2.06895, 0
47.0423,3.40466,2.07011, 0
47.0319,3.40316,2.07197, 0
47.0217,3.40178,2.07292, 0
47.012,3.40095,2.0739, 0
47.0013,3.39957,2.07508, 0
46.9896,3.39926,2.07609, 0
46.9781,3.3996,2.07495, 0
46.9677,3.39772,2.07661, 0
46.9557,3.39556,2.07779, 0
46.945,3.39332,2.07811, 0
46.9335,3.39293,2.07768, 0
46.921,3.38955,2.07788, 0
46.9094,3.38795,2.0786, 0
46.8963,3.3857,2.07981, 0
46.8839,3.38325,2.08137, 0
46.8723,3.38238,2.082, 0
46.8602,3.38081,2.08248, 0
46.8454,3.3779,2.08356, 0
46.8326,3.37597,2.08578, 0
46.8195,3.3743,2.08694, 0
46.8068,3.37238,2.08775, 0
46.7947,3.37105,2.08832, 0
46.782,3.36849,2.09003, 0
46.7686,3.36697,2.09006, 0
46.7551,3.36529,2.09037, 0
46.7416,3.36364,2.0907, 0
46.729,3.36108,2.09351, 0
46.7169,3.35871,2.09159, 0
46.7051,3.35718,2.09149, 0
46.6898,3.35528,2.09077, 0
46.6795,3.35487,2.09031, 0
46.6653,3.3518,2.09051, 0
46.6516,3.3496,2.08977, 0
46.6389,3.34897,2.09066, 0
46.6259,3.34747,2.08919, 0
46.6121,3.3451,2.0877, 0
46.5997,3.34279,2.08691, 0
46.5876,3.34024,2.08718, 0
46.5739,3.33832,2.08542, 0
46.5611,3.33595,2.08491, 0
46.5475,3.33494,2.0834, 0
46.5347,3.33212,2.08396, 0
46.5226,3.3307,2.08196, 0
46.5093,3.33003,2.08004, 0
46.4956,3.32596,2.07867, 0
46.4836,3.32166,2.08004, 0
46.4717,3.3206,2.07818, 0
46.4614,3.31705,2.07967, 0
46.454,3.31674,2.08148, 0
46.4444,3.31138,2.08257, 0
46.4372,3.31012,2.08208, 0
46.4321,3.30568,2.08358, 0
46.4252,3.30354,2.08199, 0
46.418,3.29925,2.08201, 0
46.4136,3.2967,2.08205, 0
46.4092,3.29358,2.08205, 0
46.4039,3.29061,2.08185, 0
46.3997,3.29162,2.08267, 0
46.397,3.2887,2.08226, 0
46.3941,3.28753,2.07959, 0
46.3927,3.28599,2.07932, 0
46.3899,3.28034,2.08034, 0
46.3919,3.2784,2.07912, 0
46.3955,3.27894,2.07981, 0
46.3957,3.27619,2.07993, 0
46.3977,3.27436,2.08126, 0
46.4017,3.27303,2.08115, 0
46.4034,3.27398,2.07875, 0
46.4086,3.27578,2.07652, 0
46.4101,3.2785,2.07491, 0
46.4146,3.28084,2.07149, 0
46.4181,3.28207,2.07029, 0
46.4248,3.2821,2.07009, 0
46.4278,3.28273,2.06867, 0
46.4311,3.28231,2.06681, 0
46.4359,3.28406,2.06499, 0
46.4415,3.28604,2.06266, 0
46.446,3.28666,2.06319, 0
46.4522,3.28816,2.06069, 1
46.46,3.28496,2.06204, 1
46.4692,3.29576,2.05763, 1
46.4727,3.29517,2.05604, 1
46.4832,3.30116,2.05554, 1
46.489,3.30384,2.05372, 1
46.4948,3.30345,2.05236, 1
46.5017,3.30509,2.04978, 1
46.5046,3.30772,2.04672, 1
46.5092,3.30294,2.0469, 1
46.5186,3.3084,2.04495, 1
46.5243,3.3023,2.04609, 1
46.5323,3.31012,2.04217, 1
46.5367,3.3132,2.03771, 1
46.5415,3.31325,2.03539, 1
46.5469,3.31382,2.0342, 1
46.5538,3.3119,2.03452, 1
46.5588,3.31666,2.03174, 1
46.5653,3.31555,2.03219, 1
46.5714,3.31636,2.02998, 1
46.5756,3.31718,2.0292, 1
46.5831,3.31834,2.02705, 1
46.5881,3.31694,2.02429, 1
46.5933,3.31637,2.02248, 1
46.5973,3.31827,2.02009, 1
46.6037,3.31886,2.0187, 1
46.608,3.31688,2.01765, 1
46.6127,3.31405,2.01606, 1
46.6167,3.31305,2.01403, 1
46.6204,3.31357,2.01285, 1
46.6234,3.31179,2.01082, 1
46.625,3.3116,2.00988, 1
46.6273,3.30844,2.00887, 1
46.6303,3.30849,2.00953, 1
46.6326,3.30718,2.00809, 1
46.635,3.30398,2.00591, 1
46.6381,3.30046,2.00446, 1
46.6417,3.29838,2.00366, 1
46.6454,3.29721,2.00395, 1
46.647,3.29771,2.00414, 1
46.649,3.29399,2.00351, 1
46.6498,3.29172,2.00368, 1
46.6503,3.28964,2.00259, 1
46.6517,3.2862,2.00117, 1
46.6543,3.28106,2.0003, 1
46.6547,3.27977,2.00056, 1
46.6567,3.27442,1.9992, 1
46.658,3.27009,1.99788, 1
46.6594,3.26645,1.99754, 1
46.6603,3.26292,1.997, 1
46.6622,3.25753,1.99771, 1
46.6622,3.25445,1.99624, 1
46.6632,3.24775,1.9957, 1
46.6644,3.24221,1.99547, 1
46.6644,3.23792,1.99568, 1
46.6639,3.23436,1.99489, 1
46.6651,3.22851,1.99418, 1
46.6653,3.22241,1.99319, 1
46.665,3.21853,1.99174, 1
46.6656,3.21207,1.99192, 1
46.6664,3.20595,1.99305, 1
46.6662,3.20092,1.99251, 1
46.6663,3.19696,1.99228, 1
46.6653,3.19219,1.99073, 1
46.6644,3.18699,1.98967, 1
46.6639,3.18163,1.98869, 1
46.664,3.17668,1.98819, 1
46.6643,3.1706,1.98739, 1
46.6648,3.16468,1.98723, 1
46.6651,3.15758,1.98418, 1
46.666,3.15117,1.98468, 1
46.665,3.1458,1.98437, 1
46.6645,3.13946,1.98575, 1
46.6646,3.13269,1.98471, 1
46.6644,3.12452,1.98398, 1
46.6653,3.11597,1.98246, 1
46.6646,3.11068,1.98191, 1
46.6632,3.10643,1.97984, 1
46.6639,3.10033,1.97912, 1
46.6647,3.09429,1.97816, 1
46.6644,3.08837,1.97775, 1
46.6648,3.08295,1.97511, 1
46.6642,3.07823,1.97299, 1
46.6639,3.07373,1.97235, 1
46.6642,3.06817,1.97056, 1
46.6646,3.06217,1.96914, 1
46.6651,3.05655,1.96762, 1
46.6648,3.05168,1.96539, 1
46.6651,3.04988,1.96469, 1
46.6651,3.04452,1.9625, 1
46.6653,3.03984,1.96249, 1
46.6662,3.03518,1.96014, 1
46.6668,3.03083,1.95838, 1
46.6675,3.02679,1.95706, 1
46.6685,3.02327,1.95474, 1
46.6691,3.01932,1.95358, 1
46.6701,3.01469,1.95186, 1
46.6712,3.01089,1.951, 1
46.6725,3.00785,1.94947, 1
46.6738,3.00607,1.94762, 1
46.6746,3.00199,1.94775, 1
46.676,2.99878,1.94625, 1
46.6778,2.99589,1.9455, 1
46.6793,2.99388,1.94441, 1
46.681,2.99181,1.94391, 1
46.6832,2.98895,1.94247, 1
46.6849,2.98693,1.94147, 1
46.6872,2.98607,1.94044, 1
46.6887,2.9851,1.94048, 1
46.691,2.98362,1.93857, 1
46.6934,2.98247,1.93796, 1
46.6952,2.98186,1.93765, 1
46.6976,2.98061,1.93715, 1
46.6997,2.98087,1.93727, 1
46.7022,2.98094,1.93646, 1
46.7051,2.97983,1.93615, 1
46.708,2.98,1.93613, 1
46.7104,2.98049,1.93665, 1
46.7134,2.98023,1.93638, 1
46.7155,2.98327,1.9364, 1
46.7173,2.98894,1.93804, 1
46.7189,2.99494,1.9382, 1
46.7202,3.00243,1.93779, 1
46.7208,3.0126,1.93806, 1
46.7213,3.02326,1.93904, 1
46.72,3.03566,1.93993, 1
46.7171,3.04957,1.93916, 1
46.7166,3.06567,1.93929, 1
46.7146,3.08257,1.94016, 1
46.7138,3.1008,1.94324, 1
46.7122,3.12163,1.94369, 1
46.7101,3.14385,1.94519, 1
46.7079,3.16923,1.9466, 1
46.7059,3.19202,1.94824, 1
46.7028,3.22009,1.94974, 1
46.6993,3.2481,1.94987, 1
46.6953,3.28064,1.95118, 1
46.6909,3.31505,1.95224, 1
46.6865,3.34869,1.95426, 1
46.6812,3.38649,1.95548, 1
46.6763,3.42555,1.95772, 1
46.6701,3.46396,1.95979, 1
46.6643,3.50563,1.9613, 1
46.6578,3.55229,1.96256, 0
46.6509,3.59244,1.96384, 0
46.6411,3.64306,1.96409, 0
46.6343,3.69428,1.96709, 0
46.6276,3.73739,1.96856, 0
46.6209,3.78564,1.97063, 0
46.6142,3.8343,1.9729, 0
46.6048,3.87982,1.97397, 0
46.5972,3.92709,1.97713, 0
46.5871,3.97932,1.9771, 0
46.5802,4.02679,1.98033, 0
46.5694,4.08279,1.98121, 0
46.5615,4.12823,1.9845, 0
46.5497,4.17399,1.98293, 0
46.5402,4.22588,1.98378, 0
46.5288,4.28597,1.98663, 0
46.5187,4.33838,1.98953, 0
46.5107,4.3902,1.99112, 0
46.4995,4.44773,1.9939, 0
46.4884,4.49963,1.99323, 0
46.4782,4.5552,1.99603, 0
46.4711,4.60667,2.00079, 0
46.4608,4.657,2.00085, 0
46.452,4.71363,2.00453, 0
46.4423,4.77161,2.00817, 0
46.4353,4.82381,2.01373, 0
46.4268,4.88016,2.0167, 0
46.4157,4.93466,2.0166, 0
46.4015,4.98988,2.01543, 0
46.3915,5.0506,2.01996, 0
46.3816,5.10702,2.02312, 0
46.3731,5.15953,2.02667, 0
46.3647,5.21557,2.02981, 0
46.3506,5.27564,2.0309, 0
46.34,5.33026,2.03193, 0
46.3311,5.3886,2.03419, 0
46.3194,5.4467,2.03705, 0
46.3057,5.50404,2.03719, 0
46.2896,5.56655,2.03728, 0
46.2732,5.62857,2.0348, 0
46.258,5.68649,2.03312, 0
46.2473,5.74696,2.03446, 0
46.2313,5.81087,2.03404, 0
46.2211,5.86463,2.03433, 0
46.2081,5.92706,2.03408, 0
46.194,5.9867,2.03436, 0
46.1826,6.04259,2.03633, 0
46.168,6.1039,2.03526, 0
46.1571,6.16496,2.03743, 0
46.1461,6.22201,2.03932, 0
46.1368,6.28143,2.04291, 0
46.1261,6.34072,2.04632, 0
46.115,6.39822,2.04656, 0
46.1021,6.46297,2.04747, 0
46.0881,6.52902,2.04903, 0
46.0774,6.58686,2.04956, 0
46.0672,6.64874,2.04808, 0
46.0555,6.71068,2.04964, 0
46.0429,6.772,2.04946, 0
46.0319,6.83406,2.05485, 0
46.0224,6.89571,2.05586, 0
46.0173,6.94991,2.06189, 0
46.0093,7.00875,2.06526, 0
45.9998,7.07075,2.06912, 0
45.9902,7.13079,2.07181, 0
45.9809,7.19403,2.07502, 0
45.9705,7.25779,2.07589, 0
45.9658,7.31299,2.08244, 0
45.9519,7.37715,2.08388, 0
45.9446,7.4393,2.09001, 0
45.9344,7.49881,2.0916, 0
45.9262,7.55895,2.09511, 0
45.9197,7.62135,2.10143, 0
45.9086,7.68112,2.10513, 0
45.9014,7.74372,2.10911, 0
45.8935,7.80565,2.11285, 0
45.8821,7.86583,2.11528, 0
45.8729,7.92944,2.12019, 0
45.8699,7.98937,2.12771, 0
45.8597,8.05258,2.13086, 0
45.8508,8.11543,2.13503, 0
45.842,8.17899,2.14002, 0
45.834,8.23792,2.14626, 0
45.8229,8.3026,2.15161, 0
45.8165,8.36378,2.15687, 0
45.8094,8.42432,2.16043, 0
45.7973,8.48879,2.16513, 0
45.789,8.55252,2.16908, 0
45.7769,8.61386,2.17192, 0
45.7691,8.67842,2.17753, 0
45.7595,8.74402,2.18263, 0
45.7504,8.8051,2.18641, 0
45.7434,8.86376,2.18966, 0
45.7345,8.92762,2.19366, 0
45.7201,8.99157,2.19278, 0
45.7099,9.05723,2.19604, 0
45.6993,9.12128,2.20097, 0
45.6884,9.18337,2.20443, 0
45.6794,9.24495,2.20735, 0
45.6652,9.31129,2.20841, 0
45.653,9.37404,2.21117, 0
45.6391,9.44475,2.2159, 0
45.626,9.50825,2.21825, 0
45.6169,9.57062,2.22232, 0
45.6089,9.63436,2.22964, 0
45.6008,9.69602,2.23426, 0
45.592,9.75595,2.23859, 0
45.5789,9.82329,2.24154, 0
45.571,9.89179,2.24886, 0
45.558,9.9567,2.2548, 0
45.5449,10.0314,2.25806, 0
45.5345,10.0998,2.2662, 0
45.5213,10.1656,2.26879, 0
45.5127,10.2319,2.27539, 0
45.4966,10.3016,2.27462, 0
45.4889,10.3633,2.28055, 0
45.4808,10.4288,2.28635, 0
45.4653,10.5005,2.28908, 0
45.4552,10.562,2.29398, 0
45.4439,10.6289,2.29849, 0
45.4315,10.696,2.30018, 0
45.4228,10.7595,2.30682, 0
45.4136,10.8278,2.31391, 0
45.3991,10.8986,2.31596, 0
45.3963,10.9583,2.32259, 0
45.3917,11.0142,2.32956, 0
45.3885,11.0795,2.33868, 0
45.3808,11.1425,2.34612, 0
45.3661,11.2131,2.34834, 0
45.3511,11.2829,2.35037, 0
45.342,11.3481,2.35426, 0
45.3308,11.4203,2.35437, 0
45.3221,11.4897,2.36183, 0
45.3115,11.5507,2.36611, 0
45.3063,11.6204,2.3761, 0
45.2986,11.6884,2.37966, 0
45.2853,11.7517,2.38668, 0
45.274,11.8165,2.38346, 0
45.2686,11.8849,2.38769, 0
45.2587,11.9517,2.392, 0
45.2487,12.0149,2.39491, 0
45.2433,12.0833,2.39779, 0
45.2363,12.1488,2.4039, 0
45.2216,12.2144,2.40715, 0
45.2169,12.2776,2.41093, 0
45.2177,12.3615,2.39412, 0
45.1956,12.3924,2.38397, 0
45.1807,12.4771,2.41066, 0
45.1744,12.5437,2.4178, 0
45.1637,12.6174,2.42772, 0
45.1483,12.6884,2.42417, 0
45.1326,12.7566,2.42288, 0
45.1177,12.8252,2.43129, 0
45.1157,12.8979,2.43363, 0
45.1137,12.9563,2.4391, 0
45.107,13.0208,2.44253, 0
45.0834,13.0855,2.43495, 1
45.0689,13.1471,2.43762, 1
45.0625,13.2176,2.44393, 1
45.051,13.2932,2.4444, 1
45.0378,13.3562,2.44472, 1
45.0269,13.4299,2.44687, 1
45.0201,13.503,2.45486, 1
45.0119,13.5679,2.45791, 1
45.002,13.6404,2.4602, 1
44.9916,13.7122,2.46347, 1
44.9755,13.7829,2.46276, 1
44.968,13.8496,2.46832, 1
44.957,13.9228,2.47118, 1
44.9506,13.9892,2.47578, 1
44.9338,14.0586,2.476, 1
44.9272,14.1289,2.48161, 1
44.9167,14.2,2.48672, 1
44.9067,14.2743,2.48996, 1
44.8939,14.3463,2.49171, 1
44.8875,14.4145,2.49907, 1
44.8759,14.4817,2.50116, 1
44.869,14.551,2.50443, 1
44.8545,14.6228,2.50066, 1
44.8479,14.6899,2.50488, 1
44.8425,14.7576,2.51333, 1
44.8302,14.8309,2.51521, 1
44.8198,14.9004,2.52064, 1
44.7726,14.8486,2.5428, 1
44.7583,14.9539,2.51173, 1
44.7502,15.0221,2.51454, 1
44.743,15.108,2.4931, 1
44.7315,15.1646,2.51063, 1
44.609,15.0398,2.50962, 1
44.6136,15.0936,2.52843, 1
44.6141,15.1328,2.53645, 1
44.5976,15.1982,2.53603, 1
44.5861,15.2592,2.53885, 1
44.5891,15.2911,2.52868, 1
44.5829,15.3358,2.53176, 1
44.5714,15.3927,2.52821, 1
44.5644,15.4398,2.52988, 1
44.5623,15.4892,2.53156, 1
44.5575,15.5126,2.51979, 1
44.5551,15.5516,2.51999, 1
44.5497,15.5895,2.51807, 1
44.5449,15.6298,2.52429, 1
44.544,15.6627,2.52965, 1
44.5426,15.6923,2.52641, 1
44.5416,15.7184,2.52668, 1
44.5384,15.7306,2.51602, 1
44.5386,15.7633,2.52403, 1
44.5399,15.7842,2.52272, 1
44.5401,15.8011,2.52296, 1
44.5416,15.8153,2.52168, 1
44.5411,15.8269,2.51973, 1
44.5438,15.8345,2.51786, 1
44.5479,15.8441,2.51831, 1
44.5512,15.8512,2.51839, 1
44.5553,15.855,2.51868, 1
44.5605,15.8584,2.51753, 1
44.5639,15.8658,2.51676, 1
44.5706,15.8666,2.51773, 1
44.5776,15.8673,2.51774, 1
44.5852,15.8682,2.51774, 1
44.5895,15.8685,2.5177, 1
44.5942,15.8686,2.51772, 1
44.6073,15.8561,2.5127, 1
44.6144,15.8508,2.51406, 1
44.6232,15.8446,2.51245, 1
44.6297,15.8379,2.51252, 1
44.639,15.8288,2.51032, 1
44.6481,15.8214,2.51146, 1
44.6557,15.8124,2.51012, 1
44.6651,15.7987,2.50754, 1
44.6734,15.7857,2.50499, 1
44.6818,15.773,2.5053, 1
44.6896,15.7617,2.50303, 1
44.6995,15.7466,2.50005, 1
44.7082,15.7325,2.49835, 1
44.717,15.7185,2.49687, 1
44.7264,15.7024,2.49364, 1
44.7357,15.6877,2.49348, 1
44.7474,15.6732,2.49377, 1
44.7581,15.6549,2.49154, 1
44.7654,15.6376,2.48773, 1
44.7751,15.6214,2.48708, 1
44.783,15.6033,2.48535, 1
44.7909,15.5853,2.48317, 1
44.7988,15.5664,2.48032, 1
44.81,15.545,2.47518, 1
44.8205,15.5243,2.47316, 1
44.8275,15.5062,2.47111, 1
44.8387,15.4866,2.46863, 1
44.8466,15.4622,2.46222, 1
44.8532,15.4425,2.45843, 1
44.8629,15.4228,2.45606, 1
44.8733,15.4002,2.45115, 1
44.8819,15.3803,2.44901, 1
44.8903,15.3598,2.44575, 1
44.8973,15.3378,2.44339, 1
44.9056,15.3186,2.44083, 1
44.9149,15.2967,2.43642, 1
44.9241,15.2748,2.43212, 1
44.9315,15.2552,2.42964, 1
44.9389,15.2335,2.42732, 1
44.9473,15.2123,2.42343, 1
44.9529,15.1939,2.42056, 1
44.965,15.1703,2.4158, 1
44.9722,15.1475,2.41242, 1
44.9777,15.1281,2.40925, 1
44.9839,15.1069,2.40611, 1
44.9919,15.0856,2.40139, 1
44.9972,15.0652,2.3983, 1
45.0019,15.0445,2.39492, 1
45.007,15.0235,2.39122, 1
45.0124,15.0036,2.38736, 1
45.0188,14.9832,2.38336, 1
45.0222,14.9618,2.37909, 1
45.0282,14.9421,2.37505, 1
45.0339,14.9223,2.37195, 1
45.0388,14.9024,2.3672, 1
45.0429,14.8828,2.36419, 1
45.0474,14.8629,2.36016, 1
45.0518,14.8425,2.35533, 1
45.0564,14.8222,2.35095, 1
45.061,14.8041,2.34797, 1
45.0648,14.7846,2.34393, 1
45.0694,14.7659,2.33993, 1
45.072,14.7461,2.33632, 1
45.0759,14.7266,2.3326, 1
45.0791,14.7088,2.32899, 1
45.0827,14.6911,2.32681, 1
45.0864,14.673,2.32233, 1
45.0888,14.6559,2.32013, 1
45.0899,14.6374,2.31616, 1
45.0926,14.6194,2.31273, 1
45.0958,14.6017,2.30859, 1
45.0984,14.5836,2.30568, 1
45.0992,14.5655,2.30338, 1
45.1005,14.5487,2.29977, 1
45.1025,14.5323,2.29723, 1
45.1041,14.5158,2.29558, 1
45.1043,14.5013,2.294, 1
45.1046,14.4844,2.29188, 1
45.1113,14.4676,2.28889, 1
45.111,14.4536,2.28591, 1
45.1127,14.4385,2.28428, 0
45.1127,14.4224,2.28226, 0
45.113,14.4085,2.28037, 0
45.1148,14.3926,2.27805, 0
45.1154,14.3777,2.27666, 0
45.1157,14.3625,2.27535, 0
45.1139,14.3483,2.27338, 0
45.1163,14.3337,2.27108, 0
45.1156,14.32,2.26925, 0
45.1143,14.3047,2.26722, 0
45.1116,14.2879,2.26347, 0
45.1111,14.2734,2.26044, 0
45.1101,14.2597,2.25792, 0
45.1071,14.2478,2.25662, 0
45.1053,14.235,2.25484, 0
45.1009,14.2218,2.25265, 0
45.1007,14.2094,2.25046, 0
45.0996,14.1967,2.24814, 0
45.1001,14.1832,2.24727, 0
45.0985,14.1698,2.24588, 0
45.0958,14.1589,2.24452, 0
45.0934,14.1456,2.24392, 0
45.0901,14.1337,2.24406, 0
45.086,14.1214,2.24406, 0
45.0847,14.1096,2.24308, 0
45.0826,14.0991,2.24426, 0
45.0805,14.0879,2.2464, 0
45.0771,14.0754,2.24707, 0
45.0731,14.0642,2.24825, 0
45.0698,14.0546,2.24911, 0
45.0651,14.044,2.25081, 0
45.0612,14.0332,2.25361, 0
45.0623,14.0237,2.25484, 0
45.0599,14.0145,2.25489, 0
45.0559,14.0055,2.25821, 0
45.0543,13.9983,2.25897, 0
45.0503,13.9876,2.25864, 0
45.0469,13.9803,2.26192, 0
45.0414,13.972,2.26576, 0
45.0359,13.962,2.26712, 0
45.0306,13.9537,2.26971, 0
45.0266,13.9469,2.27193, 0
45.0225,13.9394,2.27217, 0
45.0177,13.9299,2.275, 0
45.0125,13.9234,2.27636, 0
45.0104,13.915,2.27564, 0
45.0051,13.9076,2.27717, 0
45.003,13.9019,2.2773, 0
44.9987,13.896,2.27831, 0
44.9928,13.8895,2.27818, 0
44.9858,13.8835,2.27759, 0
44.9815,13.8777,2.27614, 0
44.9751,13.8709,2.27746, 0
44.9702,13.8657,2.27705, 0
44.9664,13.8603,2.27681, 0
44.9611,13.8552,2.27587, 0
44.9547,13.8508,2.27795, 0
44.9522,13.8461,2.27888, 0
44.9467,13.8415,2.278, 0
44.9402,13.8385,2.27849, 0
44.9362,13.8334,2.27722, 0
44.9312,13.8293,2.27743, 0
44.9261,13.8254,2.27672, 0
44.9189,13.8201,2.27727, 0
44.9111,13.8161,2.27765, 0
44.9012,13.81,2.27674, 0
44.8908,13.8051,2.27849, 0
44.8769,13.7992,2.2769, 0
44.8622,13.7926,2.27903, 0
44.8432,13.7828,2.27982, 0
44.8239,13.7764,2.28309, 0
44.8055,13.7695,2.28453, 0
44.7827,13.764,2.28707, 0
44.7588,13.755,2.28379, 0
44.7354,13.7479,2.2831, 0
44.7107,13.7398,2.28368, 0
44.6841,13.7314,2.28383, 0
44.6568,13.7245,2.2827, 0
44.6261,13.7159,2.27923, 0
44.5925,13.7075,2.27812, 0
44.5594,13.6997,2.27757, 0
44.5232,13.6924,2.2795, 0
44.484,13.6833,2.27871, 0
44.4451,13.6758,2.27677, 0
44.4046,13.6684,2.27703, 0
44.3612,13.6595,2.27659, 0
44.3167,13.6492,2.27435, 0
44.2725,13.6377,2.27135, 0
44.2254,13.6274,2.27137, 0
44.182,13.6194,2.27084, 0
44.1345,13.6111,2.27137, 0
44.0843,13.6031,2.27303, 0
44.0375,13.5924,2.26988, 0
43.9868,13.5834,2.27269, 0
43.9344,13.5776,2.27627, 0
43.8847,13.5685,2.27663, 0
43.8285,13.5539,2.27249, 0
43.7734,13.5409,2.2712, 0
43.7195,13.5284,2.26949, 0
43.664,13.5173,2.26938, 0
43.6074,13.5066,2.2683, 0
43.5531,13.4952,2.26851, 0
43.4973,13.4853,2.2699, 0
43.4399,13.4756,2.2717, 0
43.3843,13.4603,2.26604, 0
43.3223,13.4384,2.25367, 0
43.2601,13.423,2.25069, 0
43.2032,13.4106,2.24866, 0
43.1453,13.3996,2.25002, 0
43.0833,13.3856,2.24858, 0
43.0278,13.3754,2.2488, 0
42.9681,13.3649,2.25128, 0
42.9073,13.3526,2.25109, 0
42.8495,13.3416,2.25234, 0
42.7894,13.3301,2.25077, 0
42.7318,13.3196,2.25097, 0
42.6751,13.3085,2.25435, 0
42.6142,13.2986,2.25548, 0
42.5566,13.2881,2.25658, 0
42.4984,13.2776,2.2573, 0
42.4362,13.2676,2.26224, 0
42.3731,13.2554,2.26307, 0
42.311,13.2431,2.26277, 0
42.2484,13.2249,2.25742, 0
42.1835,13.2119,2.25911, 0
42.1245,13.1995,2.25731, 0
42.0643,13.19,2.26114, 0
42.006,13.1797,2.26261, 0
41.9486,13.1703,2.26668, 0
41.8858,13.159,2.26867, 0
41.8254,13.1488,2.27144, 0
41.7685,13.1372,2.27144, 0
41.7049,13.1257,2.27227, 0
41.6409,13.1152,2.27555, 0
41.5849,13.1086,2.28158, 0
41.5221,13.1024,2.28776, 0
41.4584,13.0898,2.28735, 0
41.3919,13.0732,2.28514, 0
41.3281,13.0622,2.28662, 0
41.2663,13.0531,2.29142, 0
41.2027,13.0379,2.28664, 0
41.1357,13.0258,2.28848, 0
41.0687,13.0133,2.29029, 0
41.0063,13.0047,2.29414, 0
40.9414,12.9938,2.29841, 0
40.8744,12.9793,2.29706, 0
40.8126,12.9725,2.30531, 0
40.7465,12.9537,2.30334, 0
40.6803,12.9423,2.30822, 0
40.6154,12.9229,2.30449, 0
40.5489,12.9101,2.30784, 0
40.4812,12.9003,2.31383, 0
40.4153,12.8856,2.31266, 0
40.348,12.8709,2.31599, 0
40.283,12.8596,2.32085, 0
40.2209,12.8533,2.32765, 0
40.154,12.8411,2.32975, 1
40.0886,12.8312,2.33429, 1
40.0261,12.8165,2.33239, 1
39.9597,12.8067,2.34002, 1
39.8895,12.7889,2.33814, 1
39.8268,12.7759,2.33813, 1
39.7604,12.7658,2.34276, 1
39.6929,12.7531,2.34392, 1
39.6276,12.7432,2.3494, 1
39.5589,12.7339,2.3568, 1
39.491,12.7244,2.36285, 1
39.427,12.7143,2.36475, 1
39.3555,12.7025,2.36878, 1
39.2876,12.6918,2.37277, 1
39.2222,12.6797,2.37483, 1
39.1447,12.6586,2.36991, 1
39.0739,12.6486,2.37364, 1
39.0122,12.6365,2.37423, 1
38.9428,12.6261,2.3781, 1
38.8758,12.6159,2.3798, 1
38.8121,12.6035,2.37921, 1
38.7373,12.587,2.37788, 1
38.6646,12.574,2.37885, 1
38.5995,12.5632,2.38012, 1
38.532,12.5527,2.38406, 1
38.4661,12.5418,2.38493, 1
38.3979,12.5311,2.38661, 1
38.3271,12.5174,2.38472, 1
38.2558,12.5038,2.3833, 1
38.1896,12.4921,2.38203, 1
38.1155,12.4756,2.38004, 1
38.0453,12.4614,2.37635, 1
37.9799,12.4496,2.37556, 1
37.9132,12.4422,2.38096, 1
37.8445,12.4283,2.37644, 1
37.7793,12.4187,2.37888, 1
37.7083,12.4031,2.3736, 1
37.6365,12.3906,2.3759, 1
37.5684,12.3823,2.37751, 1
37.4931,12.3726,2.38107, 1
37.4247,12.3613,2.38091, 1
37.3577,12.3512,2.38188, 1
37.2827,12.3354,2.37785, 1
37.2113,12.3233,2.3788, 1
37.1414,12.3128,2.38219, 1
37.0693,12.3017,2.38344, 1
36.9987,12.2949,2.38551, 1
36.9322,12.2863,2.39091, 1
36.8597,12.2765,2.3923, 1
36.7859,12.264,2.39222, 1
36.7182,12.2536,2.39595, 1
36.6517,12.2461,2.3983, 1
36.583,12.2367,2.40355, 1
36.5194,12.2303,2.40657, 1
36.4496,12.2184,2.40589, 1
36.3806,12.2085,2.4076, 1
36.312,12.1985,2.40754, 1
36.2387,12.1895,2.41332, 1
36.163,12.173,2.41079, 1
36.0934,12.158,2.40582, 1
36.0218,12.15,2.40852, 1
35.9437,12.139,2.41312, 1
35.8785,12.1307,2.41768, 1
35.8079,12.1245,2.42202, 1
35.7386,12.1185,2.4272, 1
35.6685,12.1102,2.4304, 1
35.5937,12.0992,2.43315, 1
35.521,12.0905,2.43606, 1
35.4517,12.0804,2.43907, 1
35.3763,12.0694,2.4438, 1
35.3036,12.0604,2.44821, 1
35.2365,12.0498,2.45012, 1
35.1675,12.0402,2.45284, 1
35.0954,12.0284,2.45332, 1
35.0263,12.0173,2.45514, 1
34.9564,12.0094,2.45998, 1
34.8873,12.0033,2.4655, 1
34.8237,11.9933,2.46395, 1
34.7535,11.9827,2.46629, 1
34.6835,11.9725,2.46736, 1
34.614,11.963,2.47204, 1
34.5395,11.9462,2.4669, 1
34.4661,11.9328,2.47001, 1
34.3972,11.9221,2.47525, 1
34.3256,11.9129,2.47955, 1
34.2481,11.8944,2.47628, 1
34.1785,11.8832,2.47842, 1
34.1075,11.8764,2.48569, 1
34.0354,11.8644,2.49177, 1
33.9684,11.8595,2.49989, 1
33.8937,11.8489,2.5042, 1
33.8172,11.8382,2.51296, 1
33.7495,11.8302,2.52028, 1
33.6784,11.8217,2.52947, 1
33.6068,11.8126,2.53349, 1
33.5422,11.8097,2.54163, 1
33.4643,11.8009,2.54772, 1
33.3916,11.7924,2.55317, 1
33.3202,11.7801,2.55569, 1
33.2506,11.7751,2.56156, 1
33.1789,11.7676,2.56833, 1
33.1076,11.7503,2.56389, 1
33.0256,11.7358,2.56678, 1
32.9543,11.7238,2.56717, 1
32.8861,11.7181,2.57283, 1
32.8146,11.7075,2.57535, 1
32.7414,11.6967,2.57635, 1
32.6723,11.6847,2.57581, 1
32.5998,11.6762,2.578, 1
32.5209,11.6629,2.58118, 1
32.4551,11.6579,2.58554, 1
32.3799,11.6485,2.58784, 1
32.307,11.6436,2.59507, 1
32.236,11.6316,2.592, 1
32.1594,11.6189,2.5934, 1
32.0857,11.6065,2.5919, 1
32.0106,11.5949,2.59188, 1
31.9357,11.5855,2.59073, 1
31.8605,11.5758,2.59369, 1
31.7891,11.5674,2.59695, 1
31.7164,11.5603,2.60036, 1
31.6401,11.5496,2.59971, 1
31.5675,11.538,2.59841, 1
31.4894,11.5277,2.59915, 1
31.4145,11.5179,2.59848, 1
31.3417,11.5071,2.59652, 1
31.2657,11.4979,2.59626, 1
31.1887,11.4864,2.59584, 1
31.1173,11.4807,2.59988, 1
31.0383,11.4661,2.59907, 1
30.9639,11.4557,2.59517, 1
30.8895,11.4429,2.59148, 1
30.8126,11.4329,2.59226, 1
30.7368,11.4212,2.59182, 1
30.6657,11.4114,2.59155, 1
30.591,11.4043,2.592, 1
30.5174,11.398,2.59561, 1
30.4479,11.394,2.59964, 1
30.3739,11.3841,2.59758, 1
30.2977,11.3765,2.60064, 1
30.2279,11.3671,2.59925, 1
30.151,11.3548,2.59639, 1
30.0764,11.3437,2.59545, 1
30.0056,11.3319,2.59021, 0
29.9308,11.3226,2.59242, 0
29.8564,11.3102,2.58949, 0
29.7895,11.3005,2.59068, 0
29.7155,11.2926,2.59083, 0
29.64,11.2871,2.59061, 0
29.5645,11.2736,2.58901, 0
29.4893,11.262,2.58676, 0
29.4164,11.2537,2.58961, 0
29.3515,11.2476,2.59037, 0
29.2768,11.24,2.5924, 0
29.2013,11.2307,2.59195, 0
29.1298,11.2192,2.59266, 0
29.0561,11.2146,2.59676, 0
28.9822,11.2087,2.59865, 0
28.9129,11.2018,2.59991, 0
28.8368,11.192,2.60429, 0
28.7609,11.1849,2.60324, 0
28.6896,11.173,2.60115, 0
28.6154,11.1614,2.59598, 0
28.5417,11.1531,2.60032, 0
28.4711,11.1407,2.59617, 0
28.3951,11.1274,2.59199, 0
28.3227,11.1186,2.5934, 0
28.252,11.1084,2.59492, 0
28.179,11.0974,2.59223, 0
28.1054,11.0905,2.59567, 0
28.0365,11.082,2.5954, 0
27.9629,11.071,2.59775, 0
27.8903,11.0683,2.60394, 0
27.8185,11.0537,2.59922, 0
27.742,11.042,2.60141, 0
27.6656,11.0327,2.60415, 0
27.5926,11.0227,2.6051, 0
27.5156,11.0125,2.60704, 0
27.4381,11.0044,2.60857, 0
27.3677,10.9965,2.6112, 0
27.2915,10.9896,2.61924, 0
27.2136,10.9804,2.62287, 0
27.141,10.9689,2.62591, 0
27.0668,10.9597,2.62518, 0
26.9895,10.9495,2.63028, 0
26.9187,10.9422,2.63556, 0
26.8397,10.9289,2.63681, 0
26.7628,10.9164,2.63501, 0
26.6928,10.9096,2.63861, 0
26.6158,10.9039,2.6481, 0
26.5416,10.8975,2.6514, 0
26.4656,10.8853,2.6517, 0
26.395,10.8734,2.6494, 0
26.3199,10.8628,2.65214, 0
26.2429,10.8535,2.65775, 0
26.1667,10.8453,2.65901, 0
26.0916,10.8383,2.66538, 0
26.0202,10.8311,2.66461, 0
25.9434,10.82,2.67525, 0
25.869,10.812,2.67826, 0
25.7936,10.8004,2.6792, 0
25.7161,10.7917,2.68093, 0
25.6378,10.7788,2.68384, 0
25.5662,10.7697,2.68605, 0
25.4913,10.7597,2.68886, 0
25.4155,10.7493,2.69107, 0
25.3467,10.7416,2.69915, 0
25.2693,10.7281,2.69801, 0
25.1922,10.7171,2.70232, 0
25.1205,10.7079,2.70342, 0
25.0463,10.6929,2.69807, 0
24.9572,10.6727,2.69505, 0
24.8868,10.661,2.69457, 0
24.8025,10.6475,2.69362, 0
24.732,10.6388,2.69847, 0
24.659,10.627,2.70252, 0
24.5853,10.6194,2.70896, 0
24.5122,10.613,2.71117, 0
24.4378,10.602,2.70984, 0
24.3607,10.592,2.71336, 0
24.2847,10.585,2.71818, 0
24.214,10.5766,2.72199, 0
24.1365,10.5669,2.72552, 0
24.062,10.5582,2.7249, 0
23.9871,10.5432,2.72523, 0
23.9112,10.534,2.72881, 0
23.8386,10.5224,2.73479, 0
23.7679,10.5135,2.7321, 0
23.6826,10.4937,2.72892, 0
23.6082,10.4837,2.73164, 0
23.5376,10.4757,2.73284, 0
23.4596,10.464,2.73016, 0
23.3901,10.457,2.73241, 0
23.319,10.4421,2.72675, 0
23.2449,10.432,2.729, 0
23.1668,10.421,2.72767, 0
23.0923,10.409,2.72396, 0
23.0162,10.3966,2.72389, 0
22.9399,10.3841,2.7287, 0
22.8613,10.3678,2.72802, 0
22.7841,10.3543,2.72452, 0
22.7048,10.3416,2.72164, 0
22.6315,10.3328,2.72374, 0
22.5557,10.3235,2.72467, 0
22.4781,10.3147,2.72832, 0
22.4049,10.3062,2.7281, 0
22.3292,10.2982,2.72755, 0
22.249,10.2882,2.73085, 0
22.174,10.2775,2.73127, 0
22.0946,10.2681,2.73149, 0
22.015,10.255,2.73243, 0
21.9422,10.2469,2.73194, 0
21.8654,10.2362,2.73368, 0
21.7892,10.2265,2.73297, 0
21.7181,10.2181,2.73307, 0
21.6412,10.2094,2.72955, 0
21.5675,10.2008,2.73214, 0
21.4916,10.194,2.73565, 0
21.4159,10.1786,2.72869, 0
21.3351,10.1619,2.7242, 0
21.2654,10.1511,2.72273, 0
21.1882,10.142,2.72322, 0
21.1109,10.1319,2.72247, 0
21.0403,10.1236,2.72038, 0
20.9571,10.1123,2.71984, 0
20.8801,10.1025,2.71934, 0
20.8068,10.0916,2.71663, 0
20.7298,10.0792,2.7118, 0
20.6542,10.0696,2.70816, 0
20.5828,10.0603,2.70724, 0
20.5012,10.0453,2.70141, 0
20.4252,10.0332,2.69985, 0
20.3595,10.0218,2.69543, 0
20.2862,10.0129,2.69552, 0
20.2104,10.0041,2.69681, 0
20.1354,9.99335,2.69517, 0
20.0602,9.98263,2.696, 0
19.9808,9.97125,2.69229, 0
19.9086,9.96601,2.69647, 0
19.8307,9.95351,2.69381, 0
19.7487,9.93964,2.68811, 0
19.6682,9.92899,2.68799, 0
19.5954,9.91921,2.68332, 0
19.5184,9.90432,2.68169, 0
19.4444,9.89302,2.67944, 0
19.369,9.88616,2.68185, 0
19.2882,9.87157,2.67402, 0
19.2076,9.85623,2.67073, 0
19.1351,9.84472,2.66901, 0
19.0591,9.83729,2.66932, 0
18.9868,9.82865,2.66909, 0
18.9061,9.81632,2.66256, 0
18.8212,9.80144,2.66127, 0
18.7427,9.79373,2.66025, 0
18.6639,9.78637,2.6648, 0
18.5871,9.77563,2.65932, 0
18.5118,9.76547,2.66138, 0
18.4325,9.75216,2.65611, 0
18.3533,9.7462,2.66188, 1
18.2791,9.73513,2.66177, 1
18.2025,9.72257,2.65769, 1
18.1234,9.71079,2.65376, 1
18.0518,9.70559,2.65662, 1
17.9725,9.69345,2.65432, 1
17.8995,9.68578,2.65308, 1
17.8277,9.6769,2.65681, 1
17.7459,9.66269,2.65522, 1
17.6749,9.65472,2.65545, 1
17.5979,9.64262,2.65783, 1
17.5243,9.63981,2.66562, 1
17.4469,9.63143,2.67086, 1
17.3806,9.62443,2.67311, 1
17.3024,9.61433,2.67977, 1
17.2248,9.60464,2.682, 1
17.1528,9.59707,2.68706, 1
17.0752,9.58975,2.69304, 1
16.9974,9.58132,2.6992, 1
16.9219,9.56527,2.69469, 1
16.8434,9.55245,2.69714, 1
16.7618,9.5422,2.70081, 1
16.6954,9.53804,2.70704, 1
16.6194,9.53143,2.71097, 1
16.5387,9.52363,2.71827, 1
16.4629,9.51154,2.71834, 1
16.3825,9.49743,2.71517, 1
16.3017,9.48685,2.72087, 1
16.2291,9.48257,2.72716, 1
16.1532,9.47443,2.72965, 1
16.0783,9.46229,2.73114, 1
16.0081,9.44801,2.72673, 1
15.9292,9.43581,2.72669, 1
15.8496,9.42378,2.72885, 1
15.7718,9.40569,2.7202, 1
15.6917,9.39224,2.72174, 1
15.615,9.37862,2.72119, 1
15.5417,9.36376,2.71519, 1
15.4645,9.35373,2.71648, 1
15.3887,9.34396,2.72114, 1
15.3157,9.33389,2.72318, 1
15.2408,9.32202,2.7202, 1
15.1621,9.30917,2.72183, 1
15.0875,9.29918,2.72169, 1
15.0099,9.2857,2.71688, 1
14.9353,9.27414,2.7118, 1
14.8585,9.26174,2.71198, 1
14.7841,9.25126,2.71239, 1
14.7028,9.23811,2.71038, 1
14.6236,9.22391,2.7085, 1
14.547,9.21429,2.70895, 1
14.4669,9.20259,2.7109, 1
14.395,9.20024,2.71666, 1
14.3165,9.19225,2.71905, 1
14.2368,9.18046,2.72092, 1
14.1614,9.17007,2.71829, 1
14.0862,9.15985,2.71979, 1
14.0116,9.14743,2.71765, 1
13.9403,9.13977,2.71746, 1
13.8613,9.12987,2.71887, 1
13.7836,9.12201,2.72297, 1
13.7098,9.11604,2.72603, 1
13.628,9.10281,2.72475, 1
13.5441,9.09067,2.72238, 1
13.4688,9.0807,2.72251, 1
13.3857,9.06785,2.72604, 1
13.3012,9.05197,2.72356, 1
13.2224,9.03752,2.72027, 1
13.1431,9.02888,2.72186, 1
13.0594,9.01337,2.72071, 1
12.9853,9.00512,2.72358, 1
12.9074,8.99339,2.72572, 1
12.8272,8.98257,2.72607, 1
12.7503,8.97276,2.72848, 1
12.6698,8.96044,2.72747, 1
12.5886,8.9508,2.7325, 1
12.5114,8.94332,2.73525, 1
12.4284,8.92892,2.73525, 1
12.3473,8.91649,2.73591, 1
12.2698,8.90268,2.73399, 1
12.1865,8.88429,2.72811, 1
12.1054,8.87043,2.72595, 1
12.03,8.86061,2.72869, 1
11.9474,8.8531,2.73368, 1
11.8714,8.84279,2.73576, 1
11.7975,8.82934,2.73374, 1
11.7172,8.81421,2.73099, 1
11.6359,8.801,2.73135, 1
11.56,8.78821,2.73072, 1
11.4788,8.77307,2.73086, 1
11.4009,8.7625,2.7333, 1
11.3253,8.75094,2.73485, 1
11.2456,8.74092,2.73865, 1
11.167,8.73053,2.74168, 1
11.0896,8.71884,2.74336, 1
11.0089,8.70692,2.74788, 1
10.9296,8.69253,2.74759, 1
10.8543,8.68158,2.74894, 1
10.7659,8.66466,2.74772, 1
10.6915,8.65122,2.74666, 1
10.6162,8.64157,2.75192, 1
10.5344,8.63094,2.75512, 1
10.4562,8.61706,2.755, 1
10.3817,8.60732,2.75688, 1
10.3011,8.59475,2.76028, 1
10.2206,8.58281,2.76121, 1
10.1454,8.57221,2.76412, 1
10.0676,8.56104,2.76546, 1
9.98707,8.54939,2.7686, 1
9.91428,8.53842,2.7717, 1
9.83309,8.52507,2.77286, 1
9.75312,8.51391,2.77485, 1
9.67831,8.50281,2.77564, 1
9.59722,8.48645,2.77342, 1
9.51491,8.47407,2.77477, 1
9.43578,8.46268,2.77639, 1
9.35685,8.45438,2.78096, 1
9.27844,8.4443,2.78258, 1
9.20299,8.4338,2.78596, 1
9.12385,8.42129,2.78777, 1
9.04528,8.41012,2.7904, 1
8.97134,8.39931,2.79128, 1
8.89006,8.38528,2.79236, 1
8.80968,8.37403,2.7951, 1
8.73434,8.36392,2.79768, 1
8.65318,8.35337,2.79968, 1
8.56895,8.33808,2.79928, 1
8.48994,8.32653,2.80118, 1
8.405,8.31168,2.80062, 1
8.32022,8.2968,2.80176, 1
8.24586,8.28374,2.80112, 1
8.16707,8.27266,2.80399, 1
8.08727,8.26189,2.80583, 1
8.01169,8.2511,2.80727, 1
7.92922,8.23649,2.80496, 1
7.84714,8.22563,2.81026, 1
7.76766,8.21523,2.81253, 1
7.6876,8.2037,2.81637, 1
7.60696,8.1936,2.82206, 1
7.53053,8.18515,2.82611, 1
7.44693,8.1726,2.82891, 1
7.36445,8.15842,2.82983, 1
7.28257,8.14731,2.83293, 1
7.1996,8.13536,2.83548, 1
7.11533,8.12165,2.84049, 1
7.03465,8.10841,2.84158, 1
6.9523,8.09496,2.84336, 0
6.86729,8.07969,2.84357, 0
6.78525,8.06187,2.84075, 0
6.69861,8.046,2.84225, 0
6.61534,8.03315,2.8453, 0
6.53021,8.01798,2.84442, 0
6.45035,8.00321,2.84336, 0
6.36583,7.99028,2.84894, 0
6.28214,7.97777,2.85214, 0
6.20191,7.96568,2.854, 0
6.11809,7.94803,2.851, 0
6.03636,7.93324,2.85122, 0
5.95515,7.92114,2.85452, 0
5.87332,7.90897,2.85845, 0
5.80223,7.90273,2.86697, 0
5.72271,7.89259,2.87264, 0
5.64035,7.87591,2.87269, 0
5.5636,7.86609,2.87646, 0
5.48166,7.85862,2.88532, 0
5.39778,7.84799,2.88922, 0
5.31821,7.8354,2.89135, 0
5.23447,7.82425,2.89519, 0
5.15217,7.81032,2.8979, 0
5.07418,7.79424,2.89529, 0
4.99515,7.77949,2.89598, 0
4.91351,7.76435,2.8992, 0
4.83362,7.75051,2.90001, 0
4.7529,7.73787,2.90161, 0
4.67495,7.72419,2.90169, 0
4.59804,7.71386,2.90594, 0
4.51083,7.69925,2.90846, 0
4.43505,7.68701,2.91197, 0
4.36262,7.67432,2.91422, 0
4.27658,7.66273,2.91998, 0
4.19439,7.65157,2.92281, 0
4.1143,7.63525,2.92154, 0
4.02675,7.61836,2.92162, 0
3.94148,7.60505,2.92304, 0
3.86186,7.59381,2.92922, 0
3.77366,7.57841,2.93429, 0
3.69577,7.56721,2.93773, 0
3.62083,7.55403,2.94061, 0
3.53632,7.54411,2.94805, 0
3.456,7.53106,2.95186, 0
3.38254,7.52009,2.9563, 0
3.3005,7.50548,2.95927, 0
3.22041,7.49351,2.96328, 0
3.14588,7.48117,2.96827, 0
3.06851,7.46787,2.97123, 0
2.98949,7.45623,2.97617, 0
2.9182,7.44685,2.98123, 0
2.84237,7.43726,2.98834, 0
2.76854,7.4261,2.99676, 0
2.69889,7.41335,3.00115, 0
2.62611,7.39915,3.0035, 0
2.5527,7.38679,3.00911, 0
2.48224,7.37513,3.01294, 0
2.41066,7.36617,3.01873, 0
2.34086,7.35618,3.02446, 0
2.27427,7.34218,3.02357, 0
2.20353,7.33114,3.02911, 0
2.13782,7.31931,3.03277, 0
2.07528,7.30812,3.03549, 0
2.01286,7.29935,3.041, 0
1.9515,7.28989,3.04671, 0
1.89474,7.28154,3.05075, 0
1.83363,7.27223,3.05167, 0
1.77558,7.26635,3.0587, 0
1.72239,7.25795,3.06566, 0
1.66632,7.25124,3.0698, 0
1.6074,7.24197,3.07267, 0
1.55161,7.23123,3.07297, 0
1.49368,7.22465,3.07481, 0
1.44225,7.21576,3.07784, 0
1.39446,7.20715,3.07731, 0
1.34398,7.19762,3.07591, 0
1.29676,7.19168,3.07788, 0
1.24762,7.1862,3.08192, 0
1.20217,7.17873,3.08406, 0
1.15761,7.17357,3.08601, 0
1.12082,7.1688,3.08903, 0
1.07991,7.16322,3.09352, 0
1.037,7.15838,3.09315, 0
0.993873,7.15283,3.09257, 0
0.954126,7.14843,3.09273, 0
0.914325,7.14142,3.09137, 0
0.881903,7.13835,3.09187, 0
0.8405,7.13505,3.09201, 0
0.804635,7.13182,3.09414, 0
0.772177,7.12803,3.09377, 0
0.740398,7.12297,3.09327, 0
0.711395,7.12012,3.0973, 0
0.682783,7.1176,3.09419, 0
0.654894,7.11751,3.09315, 0
0.630257,7.11469,3.09299, 0
0.60644,7.11404,3.09538, 0
0.581025,7.11066,3.09609, 0
0.55623,7.10771,3.09475, 0
0.53365,7.10517,3.09393, 0
0.507021,7.10263,3.09205, 0
0.484037,7.10152,3.09297, 0
0.462983,7.1003,3.09316, 0
0.44339,7.09938,3.09466, 0
0.422583,7.09803,3.09576, 0
0.404118,7.09722,3.0933, 0
0.384277,7.09663,3.09197, 0
0.369892,7.09609,3.09377, 0
0.355919,7.09722,3.09358, 0
0.339107,7.0967,3.09168, 0
0.329201,7.09947,3.09446, 0
0.317026,7.10038,3.09551, 0
0.307435,7.10104,3.09628, 0
0.300381,7.10618,3.09712, 0
0.293422,7.1113,3.09781, 0
0.287891,7.11554,3.09882, 0
0.281575,7.12022,3.0993, 0
0.276688,7.1242,3.09976, 0
0.27222,7.12749,3.09973, 0
0.268703,7.13019,3.09982, 0
0.265927,7.13245,3.0995, 0
0.264387,7.13367,3.10017, 0
0.259018,7.13775,3.10075, 0
0.254893,7.14108,3.10074, 0
0.251637,7.14359,3.10132, 0
0.246423,7.14748,3.10234, 0
0.242834,7.15023,3.10201, 0
0.239683,7.15278,3.10216, 0
0.236673,7.15514,3.10215, 0
0.233424,7.15762,3.10333, 0
0.230894,7.15956,3.10299, 0
0.228652,7.16149,3.10452, 0
0.226375,7.16337,3.10396, 0
0.221761,7.16674,3.10403, 0
0.220176,7.16815,3.10486, 0
0.219261,7.169,3.10629, 0
0.217141,7.17073,3.10773, 0
0.21356,7.17358,3.10944, 0
0.212256,7.17471,3.11096, 0
0.210985,7.17596,3.11193, 0
0.21059,7.17653,3.10993, 0
0.208698,7.17809,3.11108, 0
0.210682,7.17704,3.11123, 0
0.212764,7.17582,3.11046, 0
0.209609,7.17825,3.11133, 0
0.209683,7.1783,3.11167, 0
0.209604,7.17862,3.1118, 0
0.211314,7.17764,3.11143, 0
0.216902,7.18313,3.05058, 0
0.223535,7.18502,3.04512, 0
0.22684,7.18805,3.04393, 0
0.233747,7.19028,3.04436, 0
0.235052,7.19339,3.03929, 0
0.241091,7.19497,3.03556, 0
0.247503,7.19699,3.03253, 0
0.254074,7.19931,3.03012, 0
0.260862,7.202,3.03032, 0
0.265433,7.20463,3.02552, 1
0.271301,7.20698,3.02221, 1
0.279738,7.20845,3.01786, 1
0.286923,7.21038,3.01699, 1
0.296053,7.21283,3.01471, 1
0.302654,7.21422,3.01296, 1
0.309838,7.21702,3.01044, 1
0.317332,7.21905,3.00842, 1
0.32403,7.22117,3.00692, 1
0.3323,7.22389,3.00096, 1
0.341602,7.22546,2.99982, 1
0.348133,7.22837,2.99681, 1
0.35608,7.23095,2.99372, 1
0.365782,7.2323,2.9901, 1
0.37544,7.2339,2.98662, 1
0.385316,7.23456,2.98529, 1
0.394154,7.2363,2.98262, 1
0.402168,7.2385,2.98031, 1
0.410829,7.24063,2.97717, 1
0.420351,7.24291,2.97022, 1
0.428876,7.24439,2.96996, 1
0.441056,7.24592,2.96824, 1
0.455175,7.24668,2.96478, 1
0.464992,7.24838,2.96119, 1
0.475502,7.24969,2.9596, 1
0.485881,7.25129,2.95648, 1
0.496766,7.25205,2.95337, 1
0.507987,7.25364,2.94732, 1
0.517246,7.25576,2.94496, 1
0.526197,7.25683,2.9417, 1
0.536888,7.25804,2.93875, 1
0.548431,7.25989,2.92971, 1
0.555792,7.26115,2.92791, 1
0.566459,7.26236,2.92444, 1
0.577577,7.26325,2.92067, 1
0.587303,7.26432,2.91833, 1
0.597959,7.26541,2.91363, 1
0.608467,7.26617,2.91136, 1
0.617686,7.26631,2.90701, 1
0.627811,7.26761,2.90321, 1
0.638108,7.26869,2.89955, 1
0.648866,7.26954,2.89335, 1
0.65828,7.27107,2.89105, 1
0.668298,7.2715,2.88728, 1
0.677887,7.27218,2.88382, 1
0.689394,7.27293,2.87941, 1
0.699566,7.27437,2.8784, 1
0.707768,7.27598,2.87432, 1
0.716308,7.27681,2.87094, 1
0.726867,7.27728,2.86745, 1
0.735617,7.27773,2.86194, 1
0.743143,7.27901,2.86049, 1
0.749774,7.28142,2.85831, 1
0.754664,7.28295,2.85374, 1
0.759758,7.28457,2.85289, 1
0.764859,7.28525,2.84976, 1
0.768825,7.28713,2.84548, 1
0.77116,7.28739,2.83965, 1
0.773962,7.29028,2.83612, 1
0.77776,7.29047,2.83476, 1
0.780296,7.29209,2.83002, 1
0.781452,7.29278,2.82648, 1
0.780685,7.29143,2.82428, 1
0.783361,7.29273,2.8223, 1
0.782298,7.29343,2.81703, 1
0.781403,7.29439,2.81325, 1
0.779734,7.2955,2.80856, 1
0.778713,7.29581,2.8069, 1
0.77493,7.29731,2.80522, 1
0.770187,7.29799,2.8012, 1
0.76601,7.29798,2.79734, 1
0.761108,7.2973,2.79348, 1
0.757237,7.29884,2.79033, 1
0.751837,7.30073,2.78466, 1
0.745761,7.30042,2.7823, 1
0.737132,7.29871,2.77836, 1
0.728045,7.29865,2.7811, 1
0.721316,7.29573,2.77715, 1
0.714672,7.29443,2.77243, 1
0.705063,7.29332,2.76796, 1
0.696564,7.29321,2.76536, 1
0.68753,7.29084,2.76188, 1
0.679641,7.29002,2.75992, 1
0.672649,7.29343,2.75982, 1
0.664717,7.29336,2.75817, 1
0.656166,7.29613,2.75768, 1
0.649732,7.2949,2.75707, 1
0.638621,7.28564,2.75235, 1
0.635344,7.28641,2.74952, 1
0.624513,7.28575,2.74873, 1
0.614835,7.28413,2.74758, 1
0.604391,7.28401,2.74508, 1
0.595135,7.28453,2.74604, 1
0.581354,7.28296,2.74489, 1
0.566435,7.27497,2.74198, 1
0.555838,7.27313,2.7405, 1
0.541568,7.27664,2.73999, 1
0.529536,7.27463,2.73846, 1
0.513757,7.27247,2.73794, 1
0.500344,7.27269,2.73841, 1
0.487985,7.27177,2.73728, 1
0.47563,7.2702,2.73826, 1
0.462715,7.2714,2.73866, 1
0.45016,7.27089,2.73912, 1
0.436455,7.27183,2.74296, 1
0.419783,7.27209,2.74671, 1
0.405045,7.2741,2.75016, 1
0.393406,7.27172,2.7519, 1
0.380581,7.27122,2.75587, 1
0.36758,7.27184,2.75737, 1
0.355034,7.27224,2.76147, 1
0.342619,7.27287,2.76507, 1
0.333243,7.2753,2.76847, 1
0.321804,7.27558,2.77242, 1
0.31147,7.27615,2.77606, 1
0.299201,7.27777,2.78012, 1
0.288038,7.27951,2.78439, 1
0.276863,7.28169,2.78922, 1
0.265868,7.28255,2.79484, 1
0.255497,7.28644,2.7997, 1
0.24464,7.29136,2.80553, 1
0.233897,7.29355,2.81035, 1
0.222654,7.29569,2.81541, 1
0.213012,7.29844,2.82006, 0
0.203133,7.30161,2.82491, 0
0.193418,7.30434,2.82977, 0
0.182984,7.30742,2.83504, 0
0.173305,7.31063,2.84013, 0
0.163675,7.31378,2.84497, 0
0.153148,7.3175,2.84978, 0
0.141848,7.31968,2.85447, 0
0.131975,7.32353,2.85883, 0
0.122449,7.32762,2.86348, 0
0.115527,7.34083,2.87205, 0
0.105906,7.34465,2.87728, 0
0.0972929,7.35104,2.88207, 0
0.0897501,7.35507,2.88591, 0
0.0809088,7.36086,2.88952, 0
0.0719454,7.36589,2.89318, 0
0.0638552,7.37188,2.89659, 0
0.0543581,7.37593,2.89969, 0
0.0458017,7.38121,2.90283, 0
0.0374942,7.38682,2.9056, 0
0.0290851,7.39215,2.90843, 0
0.0212533,7.39754,2.91132, 0
0.0136146,7.40305,2.915, 0
0.00741965,7.40808,2.91578, 0
0.000909246,7.4139,2.91808, 0
-0.00604807,7.41944,2.91937, 0
-0.0131419,7.42445,2.92231, 0
-0.019916,7.42943,2.92438, 0
-0.0258187,7.43343,2.92625, 0
-0.0315139,7.43857,2.92793, 0
-0.0380393,7.44301,2.92962, 0
-0.0441643,7.44724,2.93231, 0
-0.050517,7.45146,2.93361, 0
-0.055194,7.45488,2.93523, 0
-0.0607944,7.45894,2.93687, 0
-0.0658032,7.46301,2.93839, 0
-0.0709928,7.46813,2.93941, 0
-0.0755462,7.47222,2.94232, 0
-0.0808579,7.47537,2.94413, 0
-0.085336,7.4786,2.94505, 0
-0.0901461,7.48341,2.94745, 0
-0.093931,7.48694,2.94928, 0
-0.0979983,7.49001,2.95034, 0
-0.100837,7.49368,2.95259, 0
-0.104022,7.49681,2.95385, 0
-0.106984,7.49989,2.95505, 0
-0.109284,7.50422,2.95643, 0
-0.1121,7.50585,2.95699, 0
-0.114483,7.50787,2.95838, 0
-0.116123,7.5105,2.95917, 0
-0.118315,7.51327,2.9605, 0
-0.119864,7.51559,2.96226, 0
-0.121927,7.51691,2.96428, 0
-0.123559,7.51872,2.96709, 0
-0.124652,7.51965,2.96872, 0
-0.12514,7.51831,2.96904, 0
-0.122882,7.51373,2.96853, 0
-0.121849,7.50061,2.96728, 0
-0.118946,7.48538,2.96888, 0
-0.113921,7.46512,2.9676, 0
-0.112487,7.44275,2.96628, 0
-0.107491,7.41382,2.96559, 0
-0.101574,7.38261,2.96433, 0
-0.096439,7.35282,2.96351, 0
-0.0906649,7.31174,2.96226, 0
-0.0826916,7.26707,2.9604, 0
-0.0761298,7.21867,2.95922, 0
-0.0697474,7.16471,2.95648, 0
-0.0654763,7.11244,2.95415, 0
-0.0576097,7.05006,2.95232, 0
-0.0510262,6.98654,2.95115, 0
-0.0423302,6.92288,2.947, 0
-0.0313287,6.85114,2.94403, 0
-0.0240342,6.78393,2.94176, 0
-0.0156548,6.71058,2.94004, 0
-0.0103113,6.63998,2.93954, 0
-0.00283075,6.56113,2.93762, 0
0.00357752,6.47928,2.93873, 0
0.0108063,6.40542,2.93841, 0
0.0164035,6.32958,2.93646, 0
0.0250779,6.24485,2.93426, 0
0.0334204,6.16536,2.93084, 0
0.0421867,6.08019,2.92708, 0
0.0522602,5.99657,2.92231, 0
0.0662667,5.90789,2.91735, 0
0.0738561,5.82077,2.91626, 0
0.0788181,5.73325,2.91974, 0
0.0849323,5.64575,2.9181, 0
0.0973375,5.55085,2.91638, 0
0.103417,5.46583,2.91182, 0
0.110285,5.37286,2.90944, 0
0.116106,5.28801,2.90739, 0
0.123273,5.19448,2.9085, 0
0.131975,5.10525,2.90358, 0
0.139589,5.01999,2.89971, 0
0.145731,4.92849,2.89951, 0
0.152351,4.83575,2.89795, 1
0.160594,4.74339,2.89695, 1
0.167441,4.64596,2.89772, 1
0.174904,4.55271,2.89367, 1
0.185407,4.45932,2.89021, 1
0.19039,4.3618,2.89109, 1
0.197249,4.26987,2.8883, 1
0.20578,4.17866,2.88695, 1
0.218587,4.07467,2.8817, 1
0.231893,3.96515,2.87713, 1
0.243985,3.86761,2.87045, 1
0.256245,3.75816,2.86656, 1
0.269725,3.6531,2.86095, 1
0.279353,3.55925,2.85433, 1
0.292695,3.45465,2.84814, 1
0.303464,3.36084,2.84027, 1
0.321924,3.26154,2.83232, 1
0.330315,3.16754,2.82949, 1
0.341616,3.07069,2.82551, 1
0.354077,2.96765,2.82599, 1
0.365999,2.8712,2.82251, 1
0.371483,2.77509,2.82404, 1
0.380691,2.67353,2.82421, 1
0.391863,2.57151,2.82207, 1
0.4031,2.46457,2.81948, 1
0.411945,2.35703,2.81864, 1
0.426395,2.24454,2.8157, 1
0.43288,2.14215,2.8168, 1
0.443481,2.03692,2.81607, 1
0.450479,1.93318,2.8157, 1
0.459042,1.82214,2.81579, 1
0.469708,1.71486,2.81325, 1
0.479852,1.60828,2.81035, 1
0.492323,1.50215,2.80711, 1
0.507785,1.39499,2.8034, 1
0.517563,1.29061,2.80266, 1
0.527953,1.18576,2.80035, 1
0.54109,1.07819,2.79662, 1
0.556543,0.97061,2.79171, 1
0.569533,0.857785,2.79003, 1
0.581391,0.747679,2.78815, 1
0.588795,0.649505,2.7892, 1
0.60313,0.538883,2.78812, 1
0.61421,0.432495,2.79074, 1
0.62672,0.333192,2.79167, 1
0.638974,0.230319,2.79491, 1
0.654003,0.124901,2.79399, 1
0.662764,0.0170075,2.79918, 1
0.673969,-0.0867789,2.80123, 1
0.680836,-0.188398,2.80661, 1
0.694679,-0.299268,2.80498, 1
0.703225,-0.404955,2.80968, 1
0.716142,-0.515591,2.80903, 1
0.729577,-0.625956,2.81196, 1
0.744415,-0.736888,2.80984, 1
0.758507,-0.844104,2.80885, 1
0.770727,-0.956936,2.80963, 1
0.783239,-1.06168,2.81401, 1
0.791815,-1.17127,2.82016, 1
0.804602,-1.28188,2.824, 1
0.814152,-1.39134,2.82946, 1
0.827259,-1.50863,2.83141, 1
0.838464,-1.60601,2.83217, 1
0.859726,-1.71691,2.8282, 1
0.876156,-1.82881,2.82668, 1
0.886438,-1.9372,2.82726, 1
0.899677,-2.04533,2.82544, 1
0.91067,-2.15549,2.82709, 1
0.9277,-2.27534,2.82008, 1
0.945083,-2.39012,2.81604, 1
0.961416,-2.50416,2.81041, 1
0.979312,-2.61845,2.80645, 1
0.994379,-2.72561,2.80328, 1
1.00988,-2.83603,2.80736, 1
1.03044,-2.9468,2.8108, 1
1.04385,-3.05619,2.81055, 1
1.05883,-3.16885,2.80992, 1
1.07511,-3.28713,2.80759, 1
1.08947,-3.39424,2.80958, 1
1.10246,-3.5018,2.80785, 1
1.11508,-3.60754,2.80258, 1
1.12876,-3.71464,2.80649, 1
1.14484,-3.82736,2.80288, 1
1.15728,-3.94277,2.80299, 1
1.17171,-4.06154,2.79856, 1
1.19236,-4.17976,2.79504, 1
1.2097,-4.28289,2.79491, 1
1.22177,-4.38967,2.79692, 1
1.22873,-4.49125,2.80081, 1
1.2433,-4.59456,2.80673, 1
1.25527,-4.70222,2.80938, 1
1.26519,-4.79073,2.81022, 1
1.28384,-4.89073,2.80511, 0
1.30259,-4.98195,2.79867, 0
1.31408,-5.05072,2.80105, 0
1.32562,-5.1245,2.80081, 0
1.33634,-5.19126,2.80222, 0
1.34304,-5.25257,2.80567, 0
1.34926,-5.30843,2.80699, 0
1.35271,-5.36153,2.81035, 0
1.36147,-5.40796,2.81326, 0
1.36212,-5.44109,2.8161, 0
1.36126,-5.46931,2.81906, 0
1.36385,-5.49063,2.82131, 0
1.36419,-5.51447,2.82419, 0
1.36451,-5.5274,2.82368, 0
1.35554,-5.54354,2.82799, 0
1.34946,-5.54587,2.83005, 0
1.34433,-5.55205,2.83439, 0
1.34109,-5.54575,2.83376, 0
1.33676,-5.54523,2.83627, 0
1.33189,-5.53922,2.83741, 0
1.32407,-5.5288,2.83744, 0
1.31817,-5.52163,2.83894, 0
1.31552,-5.51039,2.83915, 0
1.31032,-5.49928,2.83898, 0
1.3039,-5.48736,2.84045, 0
1.29881,-5.4735,2.83936, 0
1.2913,-5.45924,2.83979, 0
1.28491,-5.44484,2.83998, 0
1.27677,-5.4287,2.83922, 0
1.26548,-5.39947,2.83848, 0
1.256,-5.37398,2.83833, 0
1.23983,-5.32743,2.83451, 0
1.23176,-5.29889,2.8336, 0
1.22275,-5.27471,2.83251, 0
1.21774,-5.25654,2.83243, 0
1.21268,-5.2389,2.83238, 0
1.20893,-5.22309,2.83218, 0
1.20474,-5.20312,2.83079, 0
1.19928,-5.18437,2.83092, 0
1.19392,-5.16166,2.82991, 0
1.19096,-5.14855,2.82973, 0
1.18548,-5.12751,2.82854, 0
1.18136,-5.10935,2.82848, 0
1.17621,-5.08906,2.82831, 0
1.17091,-5.07012,2.82809, 0
1.16286,-5.03949,2.8284, 0
1.15829,-5.01331,2.82903, 0
1.15446,-4.99425,2.82913, 0
1.14539,-4.96695,2.83006, 0
1.14046,-4.93769,2.82915, 0
1.13612,-4.9156,2.82886, 0
1.13249,-4.89662,2.82893, 0
1.12931,-4.87619,2.82872, 0
1.12577,-4.85764,2.82882, 0
1.12243,-4.83883,2.82876, 0
1.11989,-4.81999,2.82819, 0
1.11627,-4.80128,2.82837, 0
1.11188,-4.7825,2.82853, 0
1.10912,-4.76387,2.82832, 0
1.10431,-4.74536,2.82869, 0
1.1007,-4.72555,2.82831, 0
1.0972,-4.70679,2.82831, 0
1.09676,-4.68916,2.82735, 0
1.09407,-4.67189,2.82731, 0
1.08945,-4.65354,2.82745, 0
1.08777,-4.63718,2.82729, 0
1.08616,-4.61982,2.82685, 0
1.083,-4.60126,2.82706, 0
1.08116,-4.58551,2.82602, 0
1.07817,-4.56736,2.82576, 0
1.07485,-4.54951,2.82617, 0
1.07495,-4.53373,2.82539, 0
1.07476,-4.51686,2.82385, 0
1.07036,-4.49869,2.82427, 0
1.06844,-4.48348,2.82428, 0
1.06634,-4.46469,2.82353, 0
1.06541,-4.44846,2.82197, 0
1.06269,-4.43233,2.82006, 0
1.06159,-4.41604,2.82002, 0
1.05699,-4.39352,2.81911, 0
1.05579,-4.38442,2.81888, 0
1.0554,-4.37095,2.81722, 0
1.05318,-4.3545,2.81702, 0
1.05032,-4.33848,2.81605, 0
1.04848,-4.32447,2.81526, 0
1.04896,-4.31011,2.81423, 0
1.04517,-4.2959,2.81437, 0
1.04646,-4.28184,2.81358, 0
1.04449,-4.26696,2.8131, 0
1.04216,-4.2537,2.81383, 0
1.04609,-4.23858,2.81227, 0
1.04452,-4.22449,2.81162, 0
1.04343,-4.20964,2.81063, 0
1.04675,-4.19643,2.80909, 0
1.04688,-4.18343,2.80902, 0
1.04533,-4.17053,2.80917, 0
1.04991,-4.15881,2.8075, 0
1.04994,-4.14755,2.80853, 0
1.04921,-4.13544,2.80779, 0
1.05219,-4.12477,2.8075, 0
1.05412,-4.11367,2.80778, 0
1.0546,-4.10199,2.80772, 0
1.05372,-4.08975,2.80917, 0
1.05748,-4.07824,2.81007, 0
1.05904,-4.06858,2.81246, 0
1.06223,-4.05589,2.81466, 0
1.06114,-4.04465,2.81772, 0
1.06003,-4.03332,2.82132, 0
1.06752,-4.02548,2.82338, 0
1.06735,-4.01428,2.82773, 0
1.06696,-4.00614,2.83264, 0
1.06689,-3.9958,2.83921, 0
1.07467,-3.98564,2.84332, 0
1.07472,-3.97859,2.84816, 0
1.07532,-3.97053,2.85225, 0
1.07772,-3.96069,2.85765, 0
1.08402,-3.95095,2.86023, 0
1.08343,-3.94087,2.86123, 0
1.08373,-3.93805,2.86531, 0
1.08274,-3.92903,2.86897, 0
1.08737,-3.91989,2.87249, 0
1.09061,-3.91598,2.87817, 0
1.09131,-3.90757,2.88027, 0
1.09278,-3.90149,2.88447, 0
1.09771,-3.89612,2.88552, 0
1.09794,-3.88859,2.88858, 0
1.09879,-3.88203,2.891, 0
1.10119,-3.87394,2.89339, 0
1.10407,-3.86983,2.8943, 0
1.11219,-3.86401,2.89573, 0
1.11279,-3.85787,2.89762, 1
1.11185,-3.85282,2.89927, 1
1.11251,-3.84639,2.90108, 1
1.11839,-3.84268,2.90118, 1
1.12013,-3.84036,2.9022, 1
1.12117,-3.83508,2.90285, 1
1.12286,-3.83129,2.90355, 1
1.12506,-3.82675,2.90338, 1
1.12745,-3.82268,2.90443, 1
1.13513,-3.82069,2.90319, 1
1.13752,-3.81717,2.90267, 1
1.14068,-3.81355,2.9025, 1
1.14326,-3.80982,2.90222, 1
1.14708,-3.80703,2.9032, 1
1.15303,-3.80601,2.90208, 1
1.15677,-3.80216,2.89993, 1
1.15818,-3.7991,2.89887, 1
1.15933,-3.79647,2.89829, 1
1.16272,-3.79342,2.89707, 1
1.16523,-3.79023,2.89626, 1
1.16732,-3.78974,2.89579, 1
1.17158,-3.78677,2.89478, 1
1.17442,-3.7858,2.89491, 1
1.17692,-3.78392,2.89202, 1
1.17981,-3.78459,2.89275, 1
1.18036,-3.78497,2.8908, 1
1.18232,-3.78313,2.89022, 1
1.18646,-3.77861,2.88838, 1
1.18883,-3.77705,2.88749, 1
1.19189,-3.77544,2.88597, 1
1.19513,-3.77364,2.88488, 1
1.19717,-3.77221,2.88351, 1
1.19964,-3.77191,2.88198, 1
1.20275,-3.77171,2.88062, 1
1.20509,-3.77023,2.87847, 1
1.20734,-3.76973,2.87712, 1
1.20987,-3.76997,2.87575, 1
1.21377,-3.76838,2.87414, 1
1.21623,-3.7681,2.87341, 1
1.21854,-3.76731,2.87174, 1
1.21908,-3.76857,2.87014, 1
1.22164,-3.76775,2.86859, 1
1.22261,-3.76801,2.86775, 1
1.22519,-3.76875,2.86675, 1
1.2276,-3.76932,2.86586, 1
1.22967,-3.76882,2.86471, 1
1.22868,-3.76814,2.86398, 1
1.2313,-3.76831,2.86213, 1
1.23469,-3.76782,2.86001, 1
1.23688,-3.76779,2.85913, 1
1.23886,-3.76849,2.85842, 1
1.24004,-3.76931,2.85698, 1
1.2426,-3.76906,2.85562, 1
1.24509,-3.76858,2.85292, 1
1.24691,-3.76909,2.85129, 1
1.24846,-3.77042,2.85005, 1
1.24751,-3.77066,2.84946, 1
1.24817,-3.76981,2.84657, 1
1.25005,-3.76934,2.84613, 1
1.25138,-3.77087,2.84492, 1
1.25075,-3.76997,2.84094, 1
1.25301,-3.77139,2.83989, 1
1.25451,-3.77331,2.83878, 1
1.2554,-3.77276,2.83589, 1
1.25561,-3.77036,2.83308, 1
1.25607,-3.77107,2.8313, 1
1.25967,-3.7732,2.83196, 1
1.26063,-3.77258,2.82865, 1
1.26215,-3.77273,2.8262, 1
1.26288,-3.77331,2.8248, 1
1.26455,-3.77342,2.8228, 1
1.26585,-3.77413,2.82102, 1
1.26611,-3.77576,2.81935, 1
1.26606,-3.77706,2.81821, 1
1.26551,-3.77709,2.8161, 1
1.2639,-3.77789,2.81467, 1
1.2644,-3.77892,2.81267, 1
1.26487,-3.78038,2.81108, 1
1.26572,-3.78181,2.80865, 1
1.26625,-3.78407,2.80441, 1
1.26818,-3.787,2.79223, 1
1.26973,-3.78976,2.77481, 1
1.26999,-3.79197,2.75597, 1
1.27087,-3.79468,2.73251, 1
1.27152,-3.79742,2.70952, 1
1.27238,-3.79898,2.68749, 1
1.27379,-3.80106,2.66381, 1
1.27343,-3.80229,2.63956, 1
1.27278,-3.80419,2.61776, 1
1.2725,-3.80655,2.5943, 1
1.27251,-3.80869,2.57084, 1
1.27389,-3.81101,2.54847, 1
1.27384,-3.81316,2.52505, 1
1.27266,-3.8162,2.50139, 1
1.27291,-3.81894,2.47914, 1
1.2738,-3.82145,2.45532, 1
1.27381,-3.82493,2.43099, 1
1.27497,-3.82818,2.40866, 1
1.27497,-3.83176,2.38487, 1
1.27706,-3.83517,2.36016, 1
1.27838,-3.83705,2.33837, 1
1.27866,-3.83975,2.31503, 1
1.28162,-3.84252,2.29175, 1
1.28083,-3.84513,2.27004, 1
1.28079,-3.84809,2.24553, 1
1.282,-3.85282,2.22067, 1
1.28198,-3.85663,2.19777, 1
1.28248,-3.86103,2.17288, 1
1.28254,-3.86428,2.14894, 1
1.2825,-3.86656,2.12609, 1
1.28596,-3.87062,2.10304, 1
1.28586,-3.87301,2.07832, 1
1.28559,-3.87638,2.05768, 1
1.28656,-3.87987,2.03315, 1
1.28709,-3.8825,2.00924, 1
1.28778,-3.88501,1.98713, 1
1.2862,-3.8868,1.96507, 1
1.28504,-3.88967,1.94242, 1
1.28425,-3.89244,1.9222, 1
1.28448,-3.89477,1.89867, 1
1.2858,-3.89664,1.8755, 1
1.28567,-3.89932,1.85445, 1
1.28487,-3.90074,1.83055, 1
1.28372,-3.90252,1.80739, 1
1.28375,-3.9053,1.7864, 1
1.28357,-3.90723,1.76404, 1
1.28135,-3.90972,1.74217, 1
1.2799,-3.91073,1.71994, 1
1.27941,-3.9128,1.6979, 1
1.27907,-3.91386,1.6765, 1
1.2785,-3.91579,1.65604, 1
1.27849,-3.91762,1.6341, 1
1.27804,-3.92085,1.61271, 1
1.27804,-3.92211,1.5914, 1
1.27685,-3.92395,1.56962, 1
1.27651,-3.92598,1.54831, 1
1.27532,-3.92812,1.52762, 1
1.27259,-3.93005,1.50532, 1
1.27222,-3.93154,1.48414, 1
1.27034,-3.93215,1.46383, 1
1.26813,-3.93391,1.44378, 1
1.26816,-3.93524,1.42178, 1
1.26706,-3.93751,1.40154, 1
1.26497,-3.93848,1.38056, 1
1.26322,-3.94002,1.3579, 1
1.26105,-3.94258,1.33757, 1
1.26054,-3.944,1.31601, 1
1.26031,-3.94542,1.29475, 1
1.25909,-3.94666,1.27442, 1
1.25723,-3.94726,1.25339, 0
1.25614,-3.94871,1.23209, 0
1.25547,-3.9499,1.21201, 0
1.25291,-3.95038,1.1917, 0
1.25214,-3.95142,1.17058, 0
1.25035,-3.95219,1.15155, 0
1.24873,-3.95345,1.13075, 0
1.24684,-3.95412,1.11027, 0
1.24542,-3.95532,1.09006, 0
1.24431,-3.95625,1.06863, 0
1.24155,-3.95685,1.04805, 0
1.23999,-3.95777,1.02845, 0
1.23727,-3.9586,1.00795, 0
1.23508,-3.95945,0.9879, 0
1.23362,-3.95985,0.967364, 0
1.23042,-3.96018,0.945906, 0
1.22805,-3.96022,0.924651, 0
1.22659,-3.96094,0.903982, 0
1.22409,-3.96132,0.882551, 0
1.22182,-3.9614,0.861275, 0
1.2195,-3.96168,0.841521, 0
1.21787,-3.96207,0.820285, 0
1.21531,-3.96216,0.798795, 0
1.21384,-3.9623,0.779142, 0
1.21077,-3.96252,0.758996, 0
1.20844,-3.963,0.733798, 0
1.20581,-3.96292,0.713046, 0
1.20418,-3.96278,0.694684, 0
1.20133,-3.9626,0.677106, 0
1.19958,-3.96258,0.656828, 0
1.19691,-3.96248,0.636493, 0
1.19512,-3.96251,0.615274, 0
1.19257,-3.96214,0.59568, 0
1.19016,-3.96193,0.574512, 0
1.18727,-3.9615,0.553341, 0
1.18466,-3.96113,0.533987, 0
1.18217,-3.96108,0.513435, 0
1.17986,-3.96121,0.494128, 0
1.17699,-3.96102,0.476321, 0
1.17453,-3.96048,0.457539, 0
1.17218,-3.95994,0.439598, 0
1.1697,-3.95937,0.422771, 0
1.16734,-3.95884,0.40556, 0
1.16478,-3.95844,0.38919, 0
1.16209,-3.95796,0.373903, 0
1.15978,-3.95723,0.358244, 0
1.15746,-3.95666,0.343204, 0
1.15495,-3.95604,0.32914, 0
1.15266,-3.95533,0.314733, 0
1.15053,-3.95467,0.300395, 0
1.14798,-3.95386,0.287817, 0
1.1453,-3.95318,0.275134, 0
1.14303,-3.9524,0.26235, 0
1.14048,-3.9516,0.250879, 0
1.13857,-3.95065,0.240243, 0
1.13614,-3.94979,0.228266, 0
1.13393,-3.94918,0.217821, 0
1.1317,-3.9483,0.206994, 0
1.12928,-3.94743,0.196526, 0
1.12723,-3.94663,0.186963, 0
1.12485,-3.94572,0.177162, 0
1.12251,-3.94488,0.167842, 0
1.11834,-3.94289,0.150925, 0
1.11638,-3.94193,0.142111, 0
1.11527,-3.94135,0.13748, 0
1.11444,-3.94092,0.133523, 0
1.11228,-3.9399,0.125529, 0
1.11018,-3.93874,0.117432, 0
1.10804,-3.93764,0.110215, 0
1.10602,-3.93644,0.102794, 0
1.10328,-3.93487,0.0934545, 0
1.10181,-3.93376,0.087872, 0
1.10008,-3.93256,0.0817262, 0
1.09805,-3.93099,0.0746616, 0
1.09628,-3.92971,0.0683441, 0
1.09467,-3.92825,0.0617535, 0
1.09274,-3.9269,0.0553704, 0
1.09108,-3.92544,0.0496013, 0
1.08918,-3.92409,0.0435831, 0
1.08738,-3.92258,0.0376979, 0
1.08566,-3.9213,0.0325306, 0
1.08388,-3.91976,0.027058, 0
1.08208,-3.91819,0.0216994, 0
1.08042,-3.91669,0.016777, 0
1.07878,-3.91504,0.0118726, 0
1.07709,-3.9134,0.00716321, 0
1.07567,-3.91179,0.00277338, 0
1.07418,-3.90996,-0.00185516, 0
1.0726,-3.90823,-0.0062583, 0
1.07112,-3.90666,-0.0103314, 0
1.06968,-3.90488,-0.0145721, 0
1.06829,-3.90299,-0.0190067, 0
1.06721,-3.90131,-0.0231434, 0
1.06577,-3.89948,-0.0273902, 0
1.06441,-3.8977,-0.0316041, 0
1.06298,-3.8959,-0.0354326, 0
1.06155,-3.89409,-0.0395451, 0
1.06014,-3.89226,-0.043699, 0
1.05884,-3.89052,-0.0477908, 0
1.05746,-3.88868,-0.0519874, 0
1.05612,-3.88664,-0.0559677, 0
1.05487,-3.88478,-0.0598384, 0
1.05354,-3.8828,-0.063912, 0
1.05216,-3.88094,-0.0678766, 0
1.05101,-3.87906,-0.0716934, 0
1.04981,-3.8771,-0.075559, 0
1.04864,-3.87504,-0.0794698, 0
1.04752,-3.87322,-0.0829892, 0
1.04637,-3.8713,-0.08678, 0
1.04538,-3.86923,-0.0903709, 0
1.04439,-3.86728,-0.0935773, 0
1.04338,-3.86515,-0.0972124, 0
1.0423,-3.86335,-0.100425, 0
1.04131,-3.86159,-0.103419, 0
1.04019,-3.85969,-0.106378, 0
1.03952,-3.85774,-0.109682, 0
1.03851,-3.85592,-0.112366, 0
1.03748,-3.85392,-0.117302, 0
1.03655,-3.85159,-0.130886, 0
1.03521,-3.84915,-0.152838, 0
1.03462,-3.84929,-0.184587, 0
1.03421,-3.84923,-0.184251, 0
1.03423,-3.84922,-0.184314, 0
1.03423,-3.84922,-0.184314, 0
1.03423,-3.84922,-0.184314, 0
1.03423,-3.84922,-0.184314, 0
1.03423,-3.84922,-0.184316, 0
1.03423,-3.84922,-0.184314, 0
1.03423,-3.84922,-0.184312, 0
1.03423,-3.84922,-0.184313, 0
1.03423,-3.84922,-0.184313, 0
1.03423,-3.84921,-0.184316, 0
1.03423,-3.84922,-0.184314, 0
1.03423,-3.84922,-0.184313, 0
1.03423,-3.84922,-0.184315, 0
1.03423,-3.84922,-0.184314, 0
1.03423,-3.84922,-0.184315, 0
1.03423,-3.84922,-0.184316, 0
1.03423,-3.84922,-0.184317, 0
1.03423,-3.84922,-0.184319, 0
1.03423,-3.84922,-0.18432, 0
1.03423,-3.84921,-0.184317, 0
1.03423,-3.84921,-0.184317, 0
1.03423,-3.84921,-0.184317, 0
1.03423,-3.84922,-0.184318, 0
1.03422,-3.84922,-0.184318, 0
1.03423,-3.84922,-0.184318, 0
1.03423,-3.84921,-0.184317, 0
1.03423,-3.84922,-0.184322, 0
1.03422,-3.84921,-0.184322, 0
1.03422,-3.84921,-0.184323, 0
1.03422,-3.84921,-0.184322, 0
1.03422,-3.84922,-0.184321, 0
1.03422,-3.84922,-0.18432, 0
1.03422,-3.84922,-0.18432, 0
1.03419,-3.84922,-0.184317, 0
