3.24345e-05,9.89205e-06,-1.14405e-07
3.24345e-05,9.89205e-06,-1.14405e-07
7.29548e-05,2.24126e-05,-8.18163e-07
0.000105499,3.18452e-05,-1.57292e-06
0.000128058,3.77417e-05,-2.69929e-06
0.000141519,4.24208e-05,-3.53924e-06
0.000150163,4.50413e-05,-4.52142e-06
0.000155824,4.69564e-05,-5.99788e-06
0.000155824,4.69564e-05,-5.99788e-06
0.000159415,4.8318e-05,-7.34144e-06
0.000162699,4.89613e-05,-9.0934e-06
0.000164086,4.82349e-05,-1.03153e-05
0.000164751,4.93159e-05,-1.13688e-05
0.000165286,4.92251e-05,-1.24952e-05
0.000165726,4.94668e-05,-1.38659e-05
0.000165726,4.94668e-05,-1.38659e-05
0.00016777,5.38903e-05,-1.65764e-05
0.000168986,5.45628e-05,-1.73235e-05
0.000170986,5.4454e-05,-1.94479e-05
0.00017104,5.48634e-05,-2.06509e-05
0.000171457,5.53506e-05,-2.13757e-05
0.000170145,5.48781e-05,-2.24085e-05
0.000170145,5.48781e-05,-2.24085e-05
0.000171254,5.45919e-05,-2.25617e-05
0.000171256,5.3955e-05,-2.29746e-05
0.000171381,5.43178e-05,-2.36888e-05
0.00017157,5.42382e-05,-2.44443e-05
0.000169907,5.38531e-05,-2.51441e-05
0.000171459,5.30183e-05,-2.50301e-05
0.000171459,5.30183e-05,-2.50301e-05
0.000171526,5.39667e-05,-2.54557e-05
0.000171315,5.35173e-05,-2.54986e-05
0.0001715,5.40142e-05,-2.60875e-05
0.000171865,5.52662e-05,-2.66838e-05
0.000172046,5.71847e-05,-2.77198e-05
0.000172005,5.41337e-05,-2.70299e-05
0.000172005,5.41337e-05,-2.70299e-05
0.000172212,5.62167e-05,-2.77956e-05
0.000172434,5.58401e-05,-2.78558e-05
0.000171709,5.49022e-05,-2.73787e-05
0.000172511,5.58133e-05,-2.81616e-05
0.000172712,5.60378e-05,-2.83767e-05
0.000172667,5.61458e-05,-2.83317e-05
0.000172667,5.61458e-05,-2.83317e-05
0.000172789,5.65052e-05,-2.84212e-05
0.000172905,5.50321e-05,-2.77143e-05
0.000168109,5.87242e-05,-3.01967e-05
0.000174127,5.53068e-05,-2.84417e-05
0.000174562,5.61864e-05,-2.85956e-05
0.000174873,5.5508e-05,-2.8485e-05
0.000174873,5.5508e-05,-2.8485e-05
0.000174971,5.41098e-05,-2.81021e-05
0.000169808,5.74479e-05,-3.01671e-05
0.000175893,5.43117e-05,-2.81982e-05
0.00017563,5.25151e-05,-2.82349e-05
0.000175639,5.2064e-05,-2.81594e-05
0.000175524,5.31391e-05,-2.90675e-05
0.000175524,5.31391e-05,-2.90675e-05
0.000171221,5.60267e-05,-3.35018e-05
0.000171562,5.55084e-05,-3.31929e-05
0.000171953,5.55241e-05,-3.32983e-05
0.000177787,5.0717e-05,-3.17508e-05
0.00017844,5.41738e-05,-3.29195e-05
0.000172401,5.64576e-05,-3.38915e-05
0.000172401,5.64576e-05,-3.38915e-05
0.000172871,5.48764e-05,-3.29558e-05
0.000173502,5.53956e-05,-3.374e-05
0.000173275,5.51288e-05,-3.29742e-05
0.000177897,5.0973e-05,-3.15387e-05
0.000172731,5.44678e-05,-3.31183e-05
0.000173526,5.44862e-05,-3.28554e-05
0.000173526,5.44862e-05,-3.28554e-05
0.000173737,5.49602e-05,-3.32707e-05
0.000173855,5.53853e-05,-3.36091e-05
0.000177868,5.33993e-05,-3.21431e-05
0.000173798,5.56833e-05,-3.29877e-05
0.000174026,5.79167e-05,-3.40047e-05
0.00017352,5.5806e-05,-3.28628e-05
0.00017352,5.5806e-05,-3.28628e-05
0.000173396,5.56451e-05,-3.29069e-05
0.000177837,5.29804e-05,-3.2066e-05
0.000176399,5.70728e-05,-3.09283e-05
0.000176561,5.88259e-05,-3.13952e-05
0.000177138,5.8368e-05,-3.14876e-05
0.000176489,5.81541e-05,-3.11774e-05
0.000176489,5.81541e-05,-3.11774e-05
0.000182049,5.7103e-05,-3.05921e-05
0.000176772,5.82482e-05,-3.1074e-05
0.000177065,5.78962e-05,-3.07811e-05
0.000176766,5.92886e-05,-3.14387e-05
0.000177928,5.92152e-05,-3.14047e-05
0.000182872,5.63852e-05,-3.04841e-05
0.000182872,5.63852e-05,-3.04841e-05
0.000178701,6.04174e-05,-3.18706e-05
0.000178861,5.88586e-05,-3.09898e-05
0.000178079,5.10987e-05,-2.88521e-05
0.000178437,5.10041e-05,-2.9391e-05
0.000178804,5.09099e-05,-2.99271e-05
0.000183517,4.67297e-05,-2.8039e-05
0.000183517,4.67297e-05,-2.8039e-05
0.000183669,4.5601e-05,-2.77179e-05
0.000180213,4.96901e-05,-2.91185e-05
0.00018076,4.98771e-05,-2.88644e-05
0.000180884,4.98255e-05,-2.87518e-05
0.000181062,4.9449e-05,-2.87349e-05
0.00018124,4.90725e-05,-2.8718e-05
0.00018124,4.90725e-05,-2.8718e-05
0.000184811,4.55403e-05,-2.82205e-05
0.000185136,4.59833e-05,-2.80781e-05
0.000181643,4.98582e-05,-2.928e-05
0.000181724,4.95059e-05,-2.93334e-05
0.000182266,4.88415e-05,-2.934e-05
0.000182944,-0.000142497,5.97462e-05
0.000182944,-0.000142497,5.97462e-05
0.000767299,-0.000748621,0.00166683
0.00184338,-0.0017606,0.00957789
0.00174805,-0.00304682,0.026112
0.00200736,-0.00440877,0.0513402
0.00210097,-0.00555126,0.0868068
0.00233729,-0.00671457,0.123099
0.00233729,-0.00671457,0.123099
0.00257714,-0.00879597,0.171317
0.00264868,-0.0102316,0.227663
0.00289101,-0.012553,0.287377
0.00221926,-0.0150238,0.363513
0.00220951,-0.0171986,0.436993
0.0023472,-0.0211701,0.514783
0.0023472,-0.0211701,0.514783
0.00307145,-0.0253705,0.597554
0.00349885,-0.0289372,0.683266
0.00359255,-0.0333778,0.759958
0.00424244,-0.0370435,0.8399
0.00371064,-0.040591,0.916368
0.00449305,-0.0447845,0.986852
0.00449305,-0.0447845,0.986852
0.00556696,-0.0498581,1.0588
0.00595491,-0.0528012,1.12968
0.00759675,-0.0573501,1.19384
0.00766423,-0.0613662,1.2614
0.00903983,-0.066306,1.3237
0.00963027,-0.0708003,1.37872
0.00963027,-0.0708003,1.37872
0.0107579,-0.0750851,1.4368
0.0117447,-0.0800713,1.49403
0.011739,-0.085053,1.54742
0.0139762,-0.0888873,1.60206
0.0142364,-0.0918415,1.65548
0.0149049,-0.0952365,1.70282
0.0149049,-0.0952365,1.70282
0.0146045,-0.0992453,1.75124
0.0144601,-0.104329,1.79838
0.0153753,-0.107205,1.84027
0.0167672,-0.110897,1.88614
0.0167529,-0.113517,1.92946
0.0173777,-0.116969,1.96757
0.0173777,-0.116969,1.96757
0.0179442,-0.118967,2.00887
0.0191405,-0.121929,2.0466
0.0201757,-0.124232,2.0811
0.0204092,-0.128028,2.1181
0.020891,-0.130964,2.1511
0.0220963,-0.134754,2.18259
0.0220963,-0.134754,2.18259
0.0221812,-0.137676,2.21402
0.0227374,-0.140261,2.24306
0.02417,-0.14213,2.2713
0.0256041,-0.146467,2.29939
0.0266017,-0.148245,2.32683
0.0276387,-0.150774,2.3502
0.0276387,-0.150774,2.3502
0.0285375,-0.153565,2.37374
0.0289728,-0.155821,2.39696
0.0295736,-0.15753,2.41895
0.029328,-0.160028,2.43975
0.0299959,-0.162453,2.4593
0.0297783,-0.165105,2.4761
0.0297783,-0.165105,2.4761
0.0301117,-0.166675,2.49478
0.030532,-0.169093,2.51429
0.030608,-0.170173,2.53003
0.0309848,-0.171547,2.54632
0.0311611,-0.173098,2.56399
0.0306987,-0.173882,2.57747
0.0306987,-0.173882,2.57747
0.0312207,-0.175399,2.59056
0.031566,-0.176765,2.60376
0.0318235,-0.17798,2.61679
0.0318105,-0.17885,2.6299
0.0322836,-0.180025,2.64221
0.0321547,-0.180886,2.65366
0.0321547,-0.180886,2.65366
0.0325192,-0.181025,2.66605
0.0327114,-0.181948,2.67661
0.0327633,-0.182332,2.68618
0.0327043,-0.183869,2.69558
0.0324181,-0.184485,2.70467
0.0319924,-0.184879,2.71385
0.0319924,-0.184879,2.71385
0.03209,-0.185306,2.72231
0.031706,-0.185557,2.72912
0.0311822,-0.186265,2.73635
0.0314351,-0.186605,2.74263
0.0310446,-0.187111,2.74943
0.0305749,-0.187526,2.75626
0.0305749,-0.187526,2.75626
0.0304628,-0.187624,2.76186
0.029355,-0.188025,2.76919
0.0291341,-0.187977,2.77468
0.0292538,-0.188115,2.77977
0.0288601,-0.188874,2.78518
0.0286735,-0.18848,2.78958
0.0286735,-0.18848,2.78958
0.0282491,-0.18823,2.79405
0.0273494,-0.187734,2.79807
0.026748,-0.188037,2.80228
0.0264061,-0.18754,2.80669
0.0256992,-0.186796,2.81164
0.0249163,-0.186873,2.81531
0.0249163,-0.186873,2.81531
0.0245728,-0.187143,2.81935
0.0236779,-0.186427,2.82248
0.0230055,-0.186272,2.82498
0.0224039,-0.185819,2.82784
0.0226676,-0.184941,2.83205
0.0220515,-0.184357,2.83428
0.0220515,-0.184357,2.83428
0.0216123,-0.183755,2.83679
0.0212879,-0.183295,2.83941
0.0207829,-0.182794,2.84129
0.0201768,-0.182194,2.84327
0.0200324,-0.181523,2.84557
0.0193482,-0.181595,2.84765
0.0193482,-0.181595,2.84765
0.018532,-0.180903,2.84945
0.0177372,-0.181114,2.8508
0.0168801,-0.18043,2.85344
0.0159552,-0.179919,2.85503
0.0154256,-0.178384,2.85607
0.0145119,-0.178084,2.85806
0.0145119,-0.178084,2.85806
0.0136259,-0.177212,2.86031
0.0133676,-0.176355,2.86199
0.0131894,-0.176058,2.86383
0.01213,-0.175339,2.86529
0.0119273,-0.174519,2.86691
0.0112086,-0.173943,2.86855
0.0112086,-0.173943,2.86855
0.0104045,-0.174029,2.87139
0.00957251,-0.173417,2.87305
0.0083005,-0.173032,2.87414
0.00805029,-0.171961,2.87492
0.00714063,-0.17204,2.87513
0.00699666,-0.171216,2.8762
0.00699666,-0.171216,2.8762
0.00624647,-0.172027,2.87826
0.00578817,-0.168942,2.87778
0.00505448,-0.168841,2.87875
0.00499087,-0.166808,2.87827
0.00595239,-0.166477,2.87768
0.00826617,-0.167164,2.87691
0.00826617,-0.167164,2.87691
0.0127012,-0.167079,2.87609
0.0183627,-0.166524,2.87486
0.0264035,-0.166826,2.87374
0.0361244,-0.168396,2.87213
0.0464683,-0.171337,2.87139
0.0579533,-0.172045,2.87285
0.0579533,-0.172045,2.87285
0.070506,-0.174291,2.87261
0.0859423,-0.174129,2.872
0.102052,-0.174868,2.87062
0.121172,-0.176819,2.86996
0.140466,-0.177625,2.86961
0.160626,-0.179132,2.86984
0.183898,-0.180063,2.86842
0.208605,-0.182036,2.86701
0.234453,-0.183708,2.86556
0.234453,-0.183708,2.86556
0.263915,-0.18524,2.86393
0.296513,-0.185648,2.86148
0.327665,-0.187982,2.86024
0.362575,-0.190167,2.85809
0.400691,-0.193997,2.85689
0.43439,-0.196052,2.85486
0.43439,-0.196052,2.85486
0.473516,-0.198757,2.85276
0.514793,-0.201705,2.85098
0.552535,-0.205001,2.84964
0.594773,-0.208419,2.84765
0.638445,-0.208951,2.84389
0.680497,-0.211802,2.84273
0.680497,-0.211802,2.84273
0.723723,-0.213557,2.83991
0.766389,-0.21427,2.83718
0.810589,-0.214075,2.83269
0.85586,-0.216549,2.83017
0.901865,-0.218364,2.82751
0.943163,-0.216063,2.82314
0.943163,-0.216063,2.82314
0.990071,-0.214978,2.81874
1.03571,-0.217089,2.81644
1.07799,-0.21984,2.81543
1.12294,-0.222883,2.81426
1.16836,-0.225997,2.81284
1.20933,-0.229295,2.8119
1.20933,-0.229295,2.8119
1.25403,-0.231867,2.81059
1.29838,-0.234655,2.80894
1.33994,-0.236188,2.80668
1.38367,-0.238066,2.8043
1.42651,-0.239893,2.80244
1.46805,-0.24113,2.80063
1.46805,-0.24113,2.80063
1.51162,-0.242124,2.79817
1.55452,-0.244243,2.79675
1.59384,-0.246907,2.79582
1.63892,-0.24989,2.79395
1.68115,-0.251569,2.79297
1.72222,-0.253664,2.79166
1.72222,-0.253664,2.79166
1.75956,-0.256078,2.79077
1.79783,-0.259402,2.78863
1.8335,-0.260827,2.78852
1.87255,-0.2617,2.78691
1.91108,-0.261428,2.78488
1.94755,-0.262094,2.78338
1.94755,-0.262094,2.78338
1.98631,-0.26381,2.78284
2.02432,-0.263792,2.78068
2.05759,-0.265506,2.78062
2.09506,-0.267999,2.78101
2.13157,-0.268453,2.77965
2.16455,-0.271174,2.7797
2.1983,-0.273486,2.78
2.2335,-0.274972,2.78007
2.26589,-0.276462,2.78007
2.29624,-0.277833,2.77983
2.32872,-0.279887,2.78016
2.35912,-0.281978,2.78113
2.39076,-0.282912,2.78105
2.4216,-0.283358,2.78044
2.4499,-0.285655,2.77934
2.48074,-0.287113,2.78029
2.50923,-0.289635,2.78229
2.50923,-0.289635,2.78229
2.53613,-0.291916,2.78282
2.56576,-0.291519,2.78072
2.5943,-0.293026,2.7813
2.62021,-0.294549,2.78246
2.64913,-0.295506,2.7821
2.67621,-0.298692,2.78254
2.69901,-0.300287,2.78318
2.72262,-0.302403,2.78433
2.74752,-0.304021,2.78461
2.76997,-0.305313,2.78473
2.79264,-0.303391,2.78221
2.8161,-0.306021,2.78369
2.8161,-0.306021,2.78369
2.83525,-0.306492,2.78398
2.85709,-0.308754,2.78629
2.87694,-0.30997,2.78702
2.89474,-0.312096,2.78857
2.91314,-0.313393,2.78994
2.93234,-0.315636,2.79196
2.93234,-0.315636,2.79196
2.9502,-0.316595,2.79238
2.96796,-0.316908,2.79283
2.98471,-0.317651,2.7936
3.00003,-0.319132,2.79457
3.01703,-0.319987,2.79578
3.03267,-0.321468,2.79732
3.03267,-0.321468,2.79732
3.04824,-0.322099,2.79711
3.06404,-0.324008,2.79932
3.07692,-0.324932,2.79996
3.08894,-0.325948,2.80098
3.10339,-0.327081,2.80223
3.11725,-0.328088,2.80331
3.11725,-0.328088,2.80331
3.13062,-0.330009,2.80561
3.14399,-0.33108,2.80634
3.15418,-0.333188,2.80828
3.16449,-0.334482,2.80877
3.17524,-0.335668,2.8103
3.1851,-0.336652,2.81098
3.1851,-0.336652,2.81098
3.19528,-0.33825,2.81196
3.20563,-0.338147,2.81079
3.21421,-0.338942,2.81119
3.22176,-0.338931,2.8108
3.23155,-0.338106,2.80957
3.23917,-0.339183,2.80971
3.23917,-0.339183,2.80971
3.24357,-0.338413,2.80991
3.25005,-0.338865,2.80901
3.25672,-0.340678,2.80946
3.26346,-0.342761,2.80983
3.26819,-0.342913,2.80981
3.27382,-0.343695,2.81117
3.27382,-0.343695,2.81117
3.27929,-0.345869,2.81265
3.28276,-0.345112,2.81171
3.28823,-0.347201,2.81371
3.29101,-0.347131,2.81339
3.29351,-0.346565,2.8134
3.2969,-0.346943,2.81464
3.2969,-0.346943,2.81464
3.29922,-0.347122,2.81525
3.30087,-0.347891,2.81698
3.30367,-0.348026,2.81748
3.30623,-0.349314,2.81864
3.3076,-0.34898,2.81857
3.3086,-0.348982,2.81872
3.3086,-0.348982,2.81872
3.30936,-0.349018,2.81919
3.3099,-0.348918,2.81962
3.31174,-0.348636,2.81955
3.31207,-0.348668,2.81996
3.31263,-0.348634,2.82077
3.31254,-0.348596,2.821
3.31254,-0.348596,2.821
3.31179,-0.348682,2.82141
3.31108,-0.348575,2.82135
3.31029,-0.348703,2.82125
3.30831,-0.347736,2.82067
3.30629,-0.348473,2.82115
3.30482,-0.348711,2.82107
3.30482,-0.348711,2.82107
3.30317,-0.34889,2.82105
3.30144,-0.348629,2.82083
3.29936,-0.348682,2.82084
3.2972,-0.348534,2.82093
3.29429,-0.348441,2.8215
3.29128,-0.346764,2.8198
3.29128,-0.346764,2.8198
3.2894,-0.346197,2.81979
3.28652,-0.345711,2.81972
3.28346,-0.345016,2.81977
3.28068,-0.344219,2.81944
3.27689,-0.342916,2.81869
3.27352,-0.342913,2.81862
3.27352,-0.342913,2.81862
3.27051,-0.342756,2.81762
3.26589,-0.34241,2.81695
3.26199,-0.341711,2.8171
3.2582,-0.340975,2.81784
3.25453,-0.340961,2.81709
3.25042,-0.340455,2.81775
3.25042,-0.340455,2.81775
3.24771,-0.340456,2.81949
3.24335,-0.339719,2.82061
3.23887,-0.339107,2.82158
3.23464,-0.339116,2.82256
3.22958,-0.338784,2.82348
3.22456,-0.338378,2.82418
3.22456,-0.338378,2.82418
3.22031,-0.337981,2.82581
3.21528,-0.337638,2.82659
3.20957,-0.336521,2.8273
3.20638,-0.336216,2.82809
3.19989,-0.334686,2.82859
3.19436,-0.333817,2.82944
3.19436,-0.333817,2.82944
3.18991,-0.333062,2.83
3.1836,-0.331592,2.83026
3.17784,-0.330565,2.83059
3.17261,-0.329641,2.8311
3.16667,-0.329186,2.83171
3.16085,-0.328472,2.83213
3.16085,-0.328472,2.83213
3.15521,-0.327859,2.83269
3.14919,-0.327079,2.83324
3.14351,-0.326067,2.83338
3.13778,-0.325049,2.83395
3.1317,-0.323959,2.83411
3.12547,-0.322597,2.83424
3.12547,-0.322597,2.83424
3.11976,-0.322013,2.83469
3.11365,-0.322937,2.83661
3.10713,-0.32213,2.83707
3.10137,-0.321034,2.83707
3.09443,-0.321744,2.83874
3.08823,-0.321056,2.8394
3.08823,-0.321056,2.8394
3.08233,-0.319834,2.83994
3.07592,-0.318863,2.84101
3.06938,-0.317416,2.84167
3.06377,-0.316024,2.84193
3.0573,-0.31504,2.84264
3.0507,-0.311715,2.84206
3.0507,-0.311715,2.84206
3.04443,-0.311159,2.84321
3.03795,-0.309761,2.84364
3.03087,-0.308141,2.84369
3.02504,-0.307385,2.84426
3.01787,-0.306495,2.84457
3.01129,-0.305744,2.84517
3.01129,-0.305744,2.84517
3.00493,-0.304546,2.84596
2.99822,-0.303514,2.84682
2.99116,-0.302386,2.84766
2.9849,-0.301291,2.84847
2.97815,-0.299891,2.84928
2.97202,-0.298833,2.85015
2.97202,-0.298833,2.85015
2.96574,-0.297533,2.85075
2.9588,-0.296163,2.8521
2.95196,-0.295182,2.85313
2.94622,-0.294542,2.85354
2.93889,-0.292496,2.85401
2.9322,-0.291171,2.85455
2.9322,-0.291171,2.85455
2.92561,-0.290558,2.85588
2.91968,-0.289138,2.85684
2.91345,-0.288115,2.85711
2.90738,-0.286642,2.85735
2.90036,-0.28344,2.85724
2.89412,-0.281587,2.85701
2.89412,-0.281587,2.85701
2.88871,-0.279867,2.8565
2.88211,-0.278239,2.85639
2.87554,-0.276296,2.85643
2.8692,-0.274836,2.85576
2.86247,-0.273622,2.85583
2.85631,-0.271895,2.85468
2.85631,-0.271895,2.85468
2.85046,-0.270756,2.85428
2.84434,-0.269339,2.85363
2.83822,-0.268497,2.85346
2.833,-0.26879,2.85547
2.82738,-0.266623,2.85455
2.82158,-0.265803,2.85442
2.81572,-0.264529,2.85425
2.80967,-0.263115,2.8548
2.80465,-0.263471,2.85477
2.80465,-0.263471,2.85477
2.79932,-0.262602,2.85527
2.7939,-0.261768,2.85557
2.78983,-0.259021,2.85329
2.7842,-0.257877,2.853
2.77905,-0.258015,2.85288
2.77435,-0.258075,2.85162
2.77435,-0.258075,2.85162
2.76921,-0.256662,2.85069
2.76349,-0.254402,2.8475
2.76129,-0.254867,2.84773
2.75913,-0.25327,2.8462
2.75493,-0.253277,2.84468
2.74963,-0.25162,2.84289
2.74963,-0.25162,2.84289
2.74716,-0.251805,2.84258
2.74573,-0.252662,2.84181
2.74153,-0.251557,2.8446
2.73738,-0.250172,2.84233
2.73591,-0.248695,2.8394
2.73151,-0.247563,2.83867
2.73151,-0.247563,2.83867
2.72774,-0.245909,2.83561
2.72464,-0.248755,2.83501
2.72143,-0.24974,2.83525
2.71732,-0.247638,2.83354
2.71773,-0.247427,2.82966
2.71634,-0.247094,2.82826
2.71634,-0.247094,2.82826
2.71582,-0.24859,2.82866
2.71553,-0.249415,2.82877
2.7143,-0.251164,2.82871
2.71239,-0.251698,2.82724
2.71001,-0.253038,2.8258
2.70658,-0.254489,2.82581
2.70658,-0.254489,2.82581
2.70627,-0.25467,2.82571
2.70452,-0.255954,2.82542
2.70137,-0.257416,2.82511
2.70048,-0.257473,2.82383
2.69628,-0.256406,2.82357
2.6951,-0.256981,2.82278
2.6951,-0.256981,2.82278
2.69467,-0.257647,2.82157
2.69471,-0.258409,2.82118
2.69307,-0.260772,2.82131
2.68776,-0.262674,2.81923
2.68673,-0.265118,2.81909
2.68605,-0.265659,2.81796
2.68605,-0.265659,2.81796
2.68208,-0.265605,2.81626
2.68303,-0.264752,2.81531
2.68077,-0.267215,2.8138
2.67987,-0.266894,2.81183
2.67643,-0.269839,2.81067
2.67506,-0.269929,2.80875
2.67506,-0.269929,2.80875
2.67189,-0.271881,2.80693
2.67057,-0.273312,2.8064
2.67072,-0.274648,2.80472
2.66805,-0.275494,2.80093
2.66607,-0.279575,2.80026
2.66253,-0.282194,2.79868
2.66253,-0.282194,2.79868
2.66141,-0.285043,2.79795
2.65818,-0.289103,2.79576
2.65565,-0.291054,2.79502
2.65331,-0.290873,2.79224
2.65086,-0.296046,2.79068
2.64969,-0.299857,2.78821
2.64969,-0.299857,2.78821
2.6496,-0.302216,2.78824
2.64656,-0.304671,2.78662
2.64449,-0.308666,2.78443
2.64173,-0.312233,2.7828
2.64067,-0.319971,2.77984
2.63842,-0.32374,2.77843
2.63842,-0.32374,2.77843
2.63517,-0.327329,2.77708
2.6332,-0.333939,2.77509
2.63071,-0.333756,2.77405
2.62842,-0.337584,2.77242
2.6246,-0.340693,2.77087
2.62236,-0.346097,2.76965
2.61942,-0.351763,2.76656
2.61658,-0.357179,2.76389
2.61381,-0.361199,2.76271
2.6121,-0.368597,2.76147
2.60932,-0.372875,2.76057
2.60654,-0.379555,2.75869
2.60654,-0.379555,2.75869
2.60215,-0.380171,2.75777
2.60018,-0.388197,2.75492
2.59831,-0.396109,2.75292
2.59523,-0.400188,2.75269
2.59355,-0.412016,2.74882
2.59355,-0.412016,2.74882
2.58918,-0.412091,2.74943
2.58654,-0.416928,2.7487
2.58452,-0.425214,2.74786
2.58075,-0.428984,2.7478
2.57824,-0.432514,2.74719
2.57723,-0.441062,2.74587
2.57723,-0.441062,2.74587
2.57514,-0.448431,2.74371
2.57368,-0.454584,2.74249
2.57308,-0.461356,2.74244
2.57229,-0.470238,2.74068
2.57181,-0.480114,2.73835
2.57055,-0.483433,2.73927
2.57055,-0.483433,2.73927
2.56729,-0.488874,2.73978
2.56583,-0.494891,2.73858
2.56484,-0.501677,2.73759
2.56402,-0.508448,2.73716
2.56417,-0.517044,2.73609
2.56322,-0.523491,2.73609
2.56322,-0.523491,2.73609
2.5617,-0.52665,2.73703
2.56032,-0.532352,2.73722
2.56059,-0.541184,2.73681
2.56082,-0.54818,2.73827
2.56095,-0.556147,2.73774
2.56091,-0.565252,2.73774
2.56091,-0.565252,2.73774
2.55939,-0.568761,2.73906
2.55865,-0.573487,2.73941
2.55856,-0.579225,2.74071
2.55957,-0.587708,2.74063
2.55976,-0.592722,2.74178
2.55977,-0.597322,2.74311
2.55977,-0.597322,2.74311
2.56131,-0.606494,2.74373
2.56244,-0.614555,2.74494
2.56198,-0.617248,2.74717
2.56344,-0.621848,2.74924
2.56353,-0.626288,2.75011
2.56566,-0.631725,2.75185
2.56566,-0.631725,2.75185
2.56616,-0.636922,2.75361
2.56753,-0.642599,2.75463
2.5694,-0.648381,2.75719
2.57099,-0.653094,2.75946
2.57272,-0.65879,2.76096
2.57475,-0.663712,2.7636
2.57475,-0.663712,2.7636
2.57705,-0.667637,2.76665
2.57903,-0.67126,2.77007
2.5809,-0.676114,2.77414
2.58272,-0.680424,2.77611
2.58468,-0.683344,2.77986
2.58738,-0.687512,2.78388
2.58738,-0.687512,2.78388
2.58987,-0.6895,2.78842
2.59249,-0.693977,2.79175
2.59475,-0.695359,2.79612
2.59717,-0.696465,2.80072
2.6002,-0.699701,2.80461
2.6038,-0.703288,2.80819
2.6038,-0.703288,2.80819
2.60686,-0.706073,2.81219
2.60974,-0.707931,2.81524
2.61258,-0.708451,2.81979
2.61553,-0.710941,2.82316
2.61894,-0.712996,2.82673
2.62218,-0.714535,2.83077
2.62579,-0.715306,2.83446
2.62972,-0.718283,2.83768
2.6332,-0.720606,2.8406
2.63683,-0.722477,2.84392
2.64065,-0.723095,2.84795
2.64412,-0.723126,2.85175
2.64412,-0.723126,2.85175
2.64902,-0.7272,2.85382
2.65182,-0.724303,2.85786
2.6559,-0.725281,2.86071
2.66044,-0.726973,2.86329
2.66438,-0.728345,2.86515
2.66788,-0.726238,2.8688
2.67145,-0.725821,2.87097
2.67517,-0.725398,2.87337
2.67952,-0.72728,2.87581
2.68388,-0.726456,2.87932
2.68665,-0.724148,2.88145
2.69042,-0.723812,2.88391
2.69042,-0.723812,2.88391
2.69559,-0.723692,2.8856
2.6987,-0.721612,2.88854
2.70403,-0.723288,2.88997
2.70735,-0.721104,2.89191
2.71045,-0.718138,2.89406
2.71548,-0.7192,2.89544
2.71548,-0.7192,2.89544
2.72007,-0.717614,2.89896
2.72409,-0.716251,2.90056
2.72809,-0.715721,2.90224
2.73147,-0.711736,2.90429
2.7356,-0.708795,2.90652
2.73938,-0.707482,2.90667
2.73938,-0.707482,2.90667
2.74404,-0.705388,2.90818
2.74707,-0.702518,2.9101
2.75143,-0.699957,2.91209
2.75573,-0.698126,2.91331
2.76081,-0.697976,2.91371
2.76499,-0.696543,2.91346
2.76922,-0.692608,2.91516
2.77295,-0.691583,2.91601
2.77295,-0.691583,2.91601
2.77671,-0.689398,2.91688
2.78036,-0.686191,2.9171
2.78389,-0.683504,2.91678
2.7872,-0.680487,2.91677
2.79056,-0.676515,2.917
2.79376,-0.673198,2.91762
2.79376,-0.673198,2.91762
2.79785,-0.66945,2.91734
2.80082,-0.664696,2.91763
2.80429,-0.662045,2.91676
2.80919,-0.662264,2.9154
2.81368,-0.66078,2.91447
2.81581,-0.655142,2.91479
2.81581,-0.655142,2.91479
2.82142,-0.655893,2.91319
2.82494,-0.653039,2.91196
2.82868,-0.651968,2.91067
2.83165,-0.648175,2.91027
2.8359,-0.645747,2.90989
2.84,-0.644122,2.90784
2.84,-0.644122,2.90784
2.84158,-0.639245,2.90671
2.84524,-0.637371,2.90493
2.84888,-0.634001,2.90389
2.85165,-0.629917,2.90307
2.85481,-0.627154,2.90137
2.85792,-0.624262,2.90007
2.85792,-0.624262,2.90007
2.86193,-0.62426,2.89832
2.86353,-0.617398,2.89833
2.86606,-0.613956,2.89647
2.86836,-0.608768,2.8955
2.87214,-0.608706,2.89395
2.87473,-0.606138,2.8931
2.87473,-0.606138,2.8931
2.87795,-0.604409,2.89113
2.8803,-0.600082,2.89019
2.88311,-0.597144,2.88855
2.88579,-0.594546,2.88752
2.88857,-0.591757,2.88626
2.89006,-0.586636,2.88475
2.89006,-0.586636,2.88475
2.89214,-0.582609,2.88379
2.8948,-0.579487,2.8824
2.89789,-0.578874,2.88078
2.90042,-0.575771,2.87916
2.90332,-0.572667,2.87874
2.90498,-0.569314,2.87765
2.90498,-0.569314,2.87765
2.90745,-0.566298,2.87669
2.91037,-0.563844,2.87596
2.91245,-0.562429,2.87511
2.9156,-0.559897,2.87377
2.91733,-0.554905,2.8736
2.92062,-0.553418,2.87273
2.92062,-0.553418,2.87273
2.92202,-0.551108,2.87019
2.92369,-0.548482,2.86891
2.92628,-0.544735,2.86871
2.92666,-0.539433,2.8678
2.92993,-0.538951,2.86581
2.93152,-0.535461,2.86489
2.93152,-0.535461,2.86489
2.9342,-0.532194,2.86375
2.93634,-0.530592,2.86239
2.93781,-0.526425,2.86089
2.93808,-0.522047,2.86111
2.94036,-0.520781,2.85946
2.94174,-0.517637,2.85816
2.94174,-0.517637,2.85816
2.94387,-0.515969,2.8562
2.94415,-0.511943,2.85535
2.94704,-0.511035,2.85348
2.9471,-0.506035,2.85214
2.94806,-0.503423,2.85066
2.94904,-0.501483,2.84857
2.94904,-0.501483,2.84857
2.95212,-0.501645,2.84694
2.95518,-0.500217,2.84633
2.95505,-0.494876,2.84575
2.95522,-0.492249,2.84318
2.95621,-0.488852,2.84244
2.95832,-0.48817,2.84006
2.95832,-0.48817,2.84006
2.95929,-0.484583,2.83933
2.96162,-0.484507,2.8376
2.96271,-0.482926,2.83579
2.96405,-0.479719,2.83394
2.9652,-0.477325,2.83239
2.96744,-0.476895,2.83057
2.96744,-0.476895,2.83057
2.96771,-0.473496,2.83057
2.96948,-0.471874,2.8295
2.96989,-0.469662,2.82793
2.97045,-0.466319,2.82753
2.97214,-0.466079,2.82616
2.97274,-0.463349,2.82463
2.97274,-0.463349,2.82463
2.97304,-0.460331,2.82388
2.97308,-0.456449,2.82334
2.97365,-0.453364,2.82338
2.97447,-0.451059,2.82348
2.97565,-0.449752,2.82259
2.97673,-0.447933,2.8223
2.97673,-0.447933,2.8223
2.97781,-0.446805,2.82163
2.97847,-0.444886,2.8214
2.97959,-0.443715,2.82148
2.97944,-0.44278,2.81949
2.98015,-0.440877,2.81978
2.9803,-0.437768,2.82006
2.9803,-0.437768,2.82006
2.98218,-0.437585,2.82087
2.98242,-0.436013,2.82065
2.98223,-0.433774,2.82058
2.98232,-0.431872,2.82016
2.98362,-0.43017,2.82065
2.98394,-0.427914,2.82023
2.98394,-0.427914,2.82023
2.98506,-0.427961,2.81929
2.98487,-0.426201,2.81828
2.9874,-0.425159,2.81853
2.98835,-0.423813,2.81728
2.98918,-0.419367,2.81715
2.98871,-0.416454,2.81716
2.98871,-0.416454,2.81716
2.98935,-0.414965,2.81659
2.98971,-0.413626,2.81607
2.98967,-0.4119,2.81516
2.99076,-0.412678,2.8137
2.99167,-0.411849,2.81178
2.99175,-0.41059,2.81106
2.99175,-0.41059,2.81106
2.99222,-0.408611,2.81088
2.99287,-0.407261,2.81037
2.99332,-0.404252,2.80991
2.99391,-0.399124,2.81033
2.99311,-0.392499,2.81024
2.99317,-0.384114,2.81172
2.99317,-0.384114,2.81172
2.99356,-0.376121,2.81282
2.99318,-0.364209,2.81377
2.99263,-0.351279,2.81371
2.99038,-0.335661,2.81527
2.9892,-0.316443,2.81436
2.98937,-0.30035,2.8144
2.98937,-0.30035,2.8144
2.98746,-0.280553,2.81449
2.98501,-0.258699,2.81421
2.98443,-0.238806,2.81459
2.98484,-0.217172,2.81585
2.98285,-0.191752,2.81675
2.98231,-0.166817,2.81615
2.98231,-0.166817,2.81615
2.98341,-0.141461,2.81654
2.98177,-0.110515,2.81642
2.982,-0.0822476,2.81611
2.98211,-0.0502318,2.81645
2.98211,-0.0167964,2.81668
2.98059,0.020358,2.81599
2.98059,0.020358,2.81599
2.98068,0.0548085,2.81642
2.98261,0.0878288,2.81726
2.98293,0.125345,2.81684
2.98365,0.165157,2.81695
2.98244,0.206606,2.81654
2.98485,0.242776,2.81742
2.98485,0.242776,2.81742
2.98721,0.282031,2.81856
2.98858,0.320985,2.81958
2.98856,0.360409,2.81934
2.98496,0.404338,2.81676
2.98272,0.447984,2.81488
2.98087,0.488798,2.81359
2.98087,0.488798,2.81359
2.97649,0.536486,2.8109
2.97373,0.583732,2.80891
2.97209,0.617796,2.80534
2.97404,0.659501,2.8072
2.97144,0.702754,2.80364
2.97469,0.73641,2.80489
2.97469,0.73641,2.80489
2.97487,0.778614,2.80421
2.97437,0.82169,2.80424
2.97281,0.862241,2.80378
2.97306,0.903818,2.80369
2.97065,0.94825,2.80267
2.96955,0.987394,2.80118
2.96955,0.987394,2.80118
2.96482,1.03256,2.79977
2.96715,1.06903,2.79772
2.96625,1.10985,2.79777
2.96347,1.15024,2.79609
2.96363,1.18563,2.79584
2.96152,1.2221,2.79467
2.96152,1.2221,2.79467
2.96066,1.26139,2.79487
2.95996,1.29706,2.79282
2.9605,1.33396,2.79249
2.95876,1.3695,2.78984
2.95804,1.40749,2.78869
2.9585,1.43989,2.78807
2.9585,1.43989,2.78807
2.95967,1.47257,2.78737
2.95874,1.50746,2.78655
2.95589,1.5438,2.7856
2.9541,1.57882,2.7842
2.95486,1.60922,2.78364
2.95564,1.63738,2.78389
2.95564,1.63738,2.78389
2.95549,1.67087,2.7846
2.95673,1.70347,2.78618
2.95917,1.73018,2.78572
2.95787,1.76177,2.78481
2.95422,1.79384,2.78544
2.95784,1.81708,2.7858
2.95784,1.81708,2.7858
2.95918,1.84533,2.78629
2.96313,1.86651,2.78734
2.96034,1.89569,2.78794
2.96571,1.9153,2.78821
2.96377,1.94536,2.78976
2.96919,1.96447,2.79182
2.96919,1.96447,2.79182
2.96894,1.99057,2.79211
2.96961,2.01476,2.79326
2.9694,2.03958,2.7954
2.97364,2.05881,2.79616
2.97589,2.07965,2.79885
2.97313,2.10584,2.79906
2.97313,2.10584,2.79906
2.97764,2.1217,2.80267
2.97842,2.14524,2.80409
2.97673,2.16896,2.80671
2.97706,2.18843,2.80735
2.98163,2.20208,2.80938
2.98167,2.2229,2.81158
2.98167,2.2229,2.81158
2.98297,2.24084,2.81264
2.98407,2.26098,2.81484
2.9854,2.27616,2.81562
2.98554,2.2923,2.81588
2.98547,2.30967,2.8182
2.98592,2.32591,2.81929
2.98592,2.32591,2.81929
2.98907,2.34136,2.82136
2.99173,2.35598,2.82457
2.99205,2.37103,2.8264
2.99304,2.38588,2.8275
2.99573,2.39792,2.82947
2.99817,2.40887,2.8317
2.99647,2.42665,2.83276
2.99709,2.43939,2.83368
2.99915,2.45003,2.83472
2.99915,2.45003,2.83472
3.00029,2.46281,2.83682
3.00114,2.47582,2.83917
3.00255,2.48561,2.84118
3.00202,2.49909,2.84231
3.00358,2.50853,2.84498
3.00442,2.51855,2.84647
3.00442,2.51855,2.84647
3.00621,2.52859,2.84814
3.00804,2.53889,2.85094
3.00974,2.54652,2.85247
3.01104,2.5557,2.85419
3.01182,2.5655,2.85598
3.01057,2.57532,2.85667
3.01057,2.57532,2.85667
3.01055,2.587,2.85736
3.01354,2.59372,2.86063
3.01666,2.59877,2.86328
3.01764,2.60655,2.86534
3.01738,2.61512,2.86547
3.01873,2.62073,2.8665
3.01873,2.62073,2.8665
3.01915,2.62872,2.86771
3.02043,2.63432,2.86884
3.02205,2.63937,2.8695
3.02186,2.64545,2.87066
3.02186,2.65056,2.87141
3.02172,2.65593,2.87239
3.02172,2.65593,2.87239
3.02165,2.66151,2.87331
3.02203,2.66642,2.87419
3.02255,2.67051,2.87525
3.02446,2.6773,2.87577
3.02551,2.68126,2.87783
3.02604,2.68418,2.8784
3.02604,2.68418,2.8784
3.02713,2.68635,2.87953
3.02837,2.68823,2.8804
3.02923,2.68978,2.88162
3.03035,2.691,2.88199
3.03292,2.69082,2.88358
3.03484,2.69482,2.88682
3.03484,2.69482,2.88682
3.03555,2.69665,2.888
3.03736,2.69676,2.88894
3.03926,2.6965,2.88991
3.04025,2.69695,2.89052
3.04234,2.69733,2.89151
3.04224,2.69967,2.89194
3.04362,2.69798,2.89237
3.04533,2.6966,2.89309
3.04626,2.69645,2.89401
3.04742,2.69566,2.89371
3.04889,2.69426,2.89378
3.05023,2.69272,2.89415
3.05023,2.69272,2.89415
3.05161,2.69105,2.89412
3.0501,2.69432,2.89474
3.05016,2.69368,2.89444
3.05168,2.69154,2.89475
3.05024,2.6942,2.8949
3.05011,2.694,2.89484
3.05011,2.694,2.89484
3.05069,2.69221,2.89427
3.05072,2.69104,2.89446
3.05139,2.68973,2.89476
3.05161,2.68879,2.89541
3.05281,2.68524,2.89568
3.0518,2.68473,2.89547
3.0518,2.68473,2.89547
3.05241,2.68292,2.89656
3.05284,2.67948,2.89685
3.05381,2.6762,2.89747
3.0526,2.67607,2.89751
3.0515,2.67536,2.89729
3.05139,2.67365,2.89711
3.05139,2.67365,2.89711
3.05095,2.67235,2.89747
3.05088,2.6711,2.89731
3.05101,2.66769,2.89673
3.05309,2.66233,2.89744
3.05571,2.65517,2.89745
3.05731,2.65074,2.89821
3.05731,2.65074,2.89821
3.05603,2.65002,2.89768
3.05571,2.64751,2.89758
3.05325,2.64887,2.89732
3.05249,2.64728,2.89761
3.05289,2.64259,2.89707
3.05288,2.63913,2.89721
3.05288,2.63913,2.89721
3.05252,2.63588,2.89715
3.0529,2.63171,2.89686
3.05304,2.6271,2.89593
3.0526,2.62266,2.8955
3.05194,2.61779,2.89474
3.0494,2.61747,2.89429
3.0494,2.61747,2.89429
3.04987,2.61258,2.89497
3.04962,2.60842,2.89308
3.04988,2.60314,2.89308
3.04918,2.60047,2.89287
3.04807,2.59726,2.89247
3.04817,2.59182,2.89179
3.04817,2.59182,2.89179
3.04699,2.58802,2.89079
3.04612,2.5838,2.88977
3.04638,2.57871,2.88937
3.04462,2.57609,2.88893
3.04417,2.57459,2.8906
3.04381,2.57195,2.8902
3.04381,2.57195,2.8902
3.04171,2.57091,2.89038
3.04134,2.56845,2.89008
3.03995,2.56622,2.89032
3.03781,2.56498,2.89037
3.03713,2.5651,2.89026
3.03764,2.54611,2.88499
3.03764,2.54611,2.88499
3.03714,2.54086,2.88593
3.03561,2.53459,2.88599
3.0359,2.529,2.88622
3.03609,2.52279,2.88669
3.03475,2.51936,2.88802
3.03562,2.51289,2.8882
3.03562,2.51289,2.8882
3.03445,2.50919,2.88885
3.03455,2.50161,2.89139
3.03347,2.49872,2.89142
3.03143,2.49694,2.89169
3.03033,2.49509,2.89207
3.02675,2.49315,2.89244
3.02675,2.49315,2.89244
3.02554,2.49244,2.89276
3.02434,2.49015,2.8929
3.02669,2.47246,2.89309
3.02757,2.46117,2.89318
3.0274,2.45968,2.89375
3.02555,2.45902,2.89419
3.02555,2.45902,2.89419
3.02351,2.45814,2.89434
3.01843,2.45642,2.89425
3.01721,2.45473,2.89458
3.01475,2.45333,2.89511
3.01236,2.45244,2.89533
3.00996,2.45109,2.89556
3.00996,2.45109,2.89556
3.00726,2.44816,2.89542
3.0064,2.44743,2.89558
3.00471,2.44515,2.89563
3.00617,2.42498,2.89666
3.00398,2.41769,2.89637
3.00248,2.4116,2.89793
3.00248,2.4116,2.89793
3.00131,2.40728,2.8985
2.999,2.40489,2.8993
2.99736,2.40169,2.90007
2.99599,2.39898,2.90188
2.99436,2.39527,2.90277
2.99172,2.3896,2.90352
2.99185,2.38505,2.9047
2.99067,2.38255,2.90705
2.98941,2.38082,2.90832
2.99016,2.37808,2.90907
2.99046,2.37476,2.91328
2.99046,2.37476,2.91328
2.99116,2.37095,2.91442
2.9892,2.36692,2.91494
2.98809,2.36402,2.91626
2.98594,2.36339,2.91801
2.98924,2.35616,2.91917
2.98891,2.35745,2.9217
2.98851,2.35432,2.92146
2.98851,2.35432,2.92146
2.98659,2.35389,2.92168
2.98381,2.35456,2.92297
2.98259,2.35666,2.92544
2.98047,2.35621,2.92696
2.98228,2.353,2.92879
2.98228,2.353,2.92879
2.98485,2.34987,2.93067
2.9822,2.35001,2.93419
2.98186,2.34816,2.93402
2.98022,2.34865,2.93543
2.9776,2.3483,2.93448
2.97281,2.34927,2.93569
2.97281,2.34927,2.93569
2.97328,2.35054,2.9385
2.97065,2.35124,2.93785
2.96975,2.35113,2.93882
2.96741,2.35131,2.9371
2.96619,2.35119,2.93786
2.96582,2.34895,2.93571
2.96582,2.34895,2.93571
2.96337,2.34954,2.93599
2.96056,2.35041,2.93535
2.95977,2.35111,2.93671
2.95822,2.35345,2.93886
2.959,2.35413,2.93918
2.95719,2.35522,2.93924
2.95719,2.35522,2.93924
2.95662,2.3559,2.93843
2.95435,2.35775,2.93999
2.9545,2.35894,2.93964
2.95672,2.35854,2.94035
2.95261,2.36218,2.93789
2.94875,2.36584,2.93683
2.94875,2.36584,2.93683
2.94753,2.36777,2.93851
2.94622,2.37082,2.93652
2.94711,2.37034,2.9361
2.94682,2.37022,2.93472
2.9463,2.37106,2.93521
2.93973,2.37393,2.93079
2.93973,2.37393,2.93079
2.93994,2.37669,2.93057
2.93811,2.38164,2.92857
2.93819,2.38214,2.9287
2.93719,2.38591,2.92865
2.93938,2.38708,2.9287
2.93903,2.38862,2.92921
2.93903,2.38862,2.92921
2.93789,2.39072,2.92749
2.93768,2.39186,2.92613
2.94026,2.39238,2.9242
2.93635,2.39681,2.92169
2.93694,2.39871,2.91999
2.93466,2.40245,2.91816
2.93466,2.40245,2.91816
2.93338,2.40605,2.91828
2.93532,2.40484,2.9171
2.93416,2.40814,2.9159
2.93532,2.41198,2.9164
2.93484,2.41602,2.91743
2.93159,2.42022,2.9155
2.9288,2.42334,2.91282
2.92879,2.42729,2.91225
2.92772,2.43301,2.91078
2.92772,2.43301,2.91078
2.933,2.43243,2.91215
2.92908,2.43611,2.91223
2.93136,2.43922,2.90782
2.93078,2.44194,2.90386
2.92895,2.44527,2.90011
2.93058,2.44784,2.90226
2.93058,2.44784,2.90226
2.92978,2.45158,2.90156
2.9307,2.45277,2.90078
2.93157,2.45731,2.8995
2.93288,2.45859,2.89812
2.93085,2.46139,2.89435
2.93298,2.46315,2.89522
2.93298,2.46315,2.89522
2.93542,2.46422,2.89827
2.93404,2.46803,2.89369
2.9371,2.47107,2.89473
2.93844,2.47476,2.89343
2.93962,2.47716,2.89021
2.93928,2.48022,2.88663
2.93928,2.48022,2.88663
2.93955,2.48628,2.88763
2.94145,2.48711,2.88633
2.94227,2.48966,2.88422
2.94331,2.49164,2.88239
2.94757,2.49394,2.88469
2.94682,2.49761,2.87969
2.94682,2.49761,2.87969
2.94874,2.50075,2.87767
2.94975,2.50414,2.8752
2.95296,2.50692,2.87318
2.95325,2.51166,2.86945
2.9564,2.51387,2.86884
2.95987,2.51663,2.86874
2.95987,2.51663,2.86874
2.95928,2.51912,2.86637
2.96611,2.52231,2.86905
2.96623,2.52623,2.86548
2.97041,2.52902,2.86591
2.97019,2.53288,2.86089
2.97158,2.5359,2.86047
2.97158,2.5359,2.86047
2.97854,2.53877,2.86187
2.97772,2.54312,2.85761
2.98041,2.5473,2.85739
2.98505,2.54995,2.85884
2.98755,2.55391,2.85835
2.98995,2.55698,2.85666
2.98995,2.55698,2.85666
2.99582,2.5599,2.85688
3.00115,2.56365,2.85701
2.99947,2.5682,2.85168
3.00372,2.57019,2.85373
3.00803,2.57376,2.85446
3.01208,2.57816,2.85321
3.01208,2.57816,2.85321
3.0153,2.58106,2.85383
3.01594,2.58348,2.85029
3.0189,2.58899,2.84928
3.02451,2.59111,2.85242
3.03117,2.59453,2.85104
3.03614,2.59735,2.85159
3.03614,2.59735,2.85159
3.03788,2.60039,2.85046
3.0397,2.60505,2.84881
3.04289,2.60886,2.8496
3.04599,2.61257,2.84853
3.0518,2.61462,2.85278
3.05646,2.6183,2.85089
3.05646,2.6183,2.85089
3.06192,2.62105,2.85302
3.06798,2.62425,2.85451
3.07697,2.62566,2.85548
3.08221,2.62903,2.85577
3.08779,2.63244,2.85671
3.09214,2.63504,2.85716
3.09214,2.63504,2.85716
3.09659,2.63691,2.8583
3.0997,2.64119,2.85875
3.10486,2.64406,2.85955
3.10642,2.64647,2.85968
3.10934,2.64854,2.85963
3.11056,2.65226,2.86074
3.11056,2.65226,2.86074
3.10956,2.6564,2.86042
3.11026,2.66084,2.86037
3.11075,2.66401,2.86111
3.11806,2.66717,2.85467
3.12209,2.67129,2.85392
3.12701,2.67436,2.85638
3.12701,2.67436,2.85638
3.12886,2.67574,2.85542
3.13325,2.67862,2.8576
3.13794,2.68062,2.85776
3.14075,2.68366,2.85756
3.14492,2.68595,2.85744
3.14894,2.68891,2.86149
3.14894,2.68891,2.86149
3.15424,2.69054,2.86357
3.15537,2.69378,2.86192
3.15921,2.69686,2.86173
3.1623,2.69876,2.86517
3.16751,2.69841,2.86552
3.16944,2.70213,2.86569
3.16944,2.70213,2.86569
3.17457,2.70349,2.86609
3.17899,2.70605,2.86577
3.18618,2.70856,2.8692
3.19068,2.71328,2.8692
3.19034,2.71503,2.86705
3.1939,2.71683,2.86909
3.1939,2.71683,2.86909
3.20014,2.71704,2.87083
3.20443,2.71947,2.87226
3.20302,2.72411,2.86856
3.20883,2.72548,2.86879
3.2135,2.72676,2.86999
3.21748,2.72902,2.86943
3.21748,2.72902,2.86943
3.22104,2.72983,2.87006
3.22304,2.73257,2.86692
3.22301,2.7349,2.86424
3.22253,2.7366,2.86147
3.23366,2.73643,2.86439
3.22934,2.73927,2.86246
3.22934,2.73927,2.86246
3.23237,2.74172,2.86176
3.23697,2.74404,2.86126
3.24379,2.74551,2.86392
3.24461,2.74643,2.86168
3.24634,2.74783,2.85888
3.24874,2.75044,2.85734
3.24874,2.75044,2.85734
3.25139,2.75052,2.85509
3.25842,2.75224,2.85722
3.25682,2.7528,2.85288
3.2584,2.75433,2.85059
3.26272,2.75435,2.85196
3.26842,2.7552,2.85479
3.26558,2.75827,2.8495
3.26751,2.7591,2.8475
3.26813,2.75988,2.84449
3.2745,2.76017,2.84592
3.274,2.76223,2.84122
3.27678,2.76251,2.8391
3.27833,2.76304,2.83911
3.28208,2.76268,2.84132
3.28157,2.76466,2.83561
3.2864,2.76622,2.83578
3.28671,2.76466,2.83402
3.28961,2.76596,2.83484
3.28961,2.76596,2.83484
3.29036,2.76697,2.8315
3.2884,2.76682,2.82759
3.28686,2.76647,2.82403
3.29146,2.76739,2.82473
3.29505,2.76747,2.82531
3.29639,2.7683,2.82317
3.2975,2.76789,2.82155
3.2986,2.76818,2.82009
3.30141,2.76837,2.82044
3.30085,2.76906,2.8177
3.29766,2.76976,2.81511
3.29766,2.76976,2.81511
3.30056,2.76869,2.81502
3.30309,2.7675,2.81481
3.30744,2.76679,2.81561
3.30826,2.76832,2.81438
3.30627,2.76761,2.8154
3.30724,2.7689,2.81466
3.30724,2.7689,2.81466
3.30978,2.768,2.81707
3.30741,2.76916,2.81501
3.30525,2.77027,2.81288
3.30748,2.76881,2.81403
3.308,2.76708,2.81544
3.30626,2.76852,2.81318
3.30626,2.76852,2.81318
3.3077,2.7675,2.81301
3.30763,2.76737,2.81408
3.30821,2.76715,2.81385
3.31065,2.76589,2.81653
3.30745,2.76537,2.81392
3.30933,2.76552,2.81477
3.30933,2.76552,2.81477
3.30825,2.76479,2.81445
3.31174,2.76368,2.81788
3.30959,2.7637,2.81509
3.30765,2.76329,2.81395
3.30879,2.76213,2.81399
3.31308,2.76023,2.81644
3.31308,2.76023,2.81644
3.31265,2.75916,2.81378
3.31303,2.75996,2.81403
3.31366,2.76099,2.81457
3.31724,2.75725,2.81641
3.31318,2.75916,2.81427
3.31309,2.75678,2.81305
3.31309,2.75678,2.81305
3.31559,2.75627,2.81395
3.31479,2.75525,2.81308
3.31654,2.75294,2.81395
3.31508,2.75468,2.81191
3.31605,2.75294,2.81134
3.3156,2.75216,2.8101
3.3156,2.75216,2.8101
3.31498,2.75224,2.80981
3.31532,2.75066,2.80702
3.31362,2.74971,2.80458
3.31574,2.74884,2.80358
3.31455,2.74856,2.8065
3.31386,2.74661,2.80315
3.31386,2.74661,2.80315
3.31383,2.74401,2.80065
3.30968,2.74491,2.7972
3.315,2.74239,2.80028
3.3116,2.74104,2.7954
3.30978,2.74115,2.79371
3.31035,2.73987,2.79211
3.31035,2.73987,2.79211
3.30788,2.73848,2.78893
3.31022,2.73625,2.79098
3.31023,2.73571,2.79012
3.31029,2.73513,2.78993
3.31037,2.73503,2.78993
3.30914,2.73315,2.78826
3.30914,2.73315,2.78826
3.31112,2.73093,2.79021
3.30716,2.72933,2.78426
3.30689,2.72774,2.78349
3.3064,2.72955,2.78428
3.3051,2.72582,2.78437
3.30277,2.72525,2.78219
3.30277,2.72525,2.78219
3.30265,2.72186,2.7813
3.30147,2.7219,2.78122
3.3055,2.72062,2.7849
3.30171,2.71871,2.78091
3.29608,2.71786,2.77877
3.29976,2.71755,2.77865
3.29976,2.71755,2.77865
3.30177,2.71562,2.78056
3.29781,2.71488,2.77678
3.29677,2.71348,2.77582
3.29484,2.71056,2.77446
3.29525,2.70924,2.77718
3.29302,2.70887,2.77509
3.2927,2.70758,2.77515
3.29346,2.70662,2.77529
3.294,2.70507,2.7762
3.294,2.70507,2.7762
3.29495,2.70343,2.78029
3.29009,2.70161,2.77779
3.2911,2.70106,2.77794
3.28999,2.69745,2.77831
3.28968,2.69679,2.78179
3.28899,2.69489,2.77951
3.28899,2.69489,2.77951
3.2858,2.69462,2.77882
3.28394,2.69327,2.778
3.28586,2.69256,2.77978
3.28228,2.69082,2.7827
3.27613,2.68882,2.77959
3.268,2.68701,2.7791
3.268,2.68701,2.7791
3.25979,2.68611,2.77983
3.25136,2.68211,2.78239
3.23873,2.68214,2.78516
3.22252,2.6797,2.78774
3.20786,2.67744,2.78871
3.19337,2.67635,2.78817
3.19337,2.67635,2.78817
3.17638,2.67425,2.78907
3.15887,2.67037,2.78632
3.13798,2.66835,2.78188
3.11914,2.66726,2.77906
3.09827,2.66389,2.77798
3.0725,2.66023,2.77488
3.0725,2.66023,2.77488
3.04816,2.65817,2.77309
3.0231,2.65646,2.77188
2.99443,2.65368,2.7669
2.96145,2.65138,2.76468
2.93196,2.64983,2.76619
2.89669,2.64716,2.76179
2.89669,2.64716,2.76179
2.86154,2.64296,2.7587
2.82504,2.64185,2.75497
2.78857,2.63976,2.75519
2.74827,2.63877,2.75383
2.71138,2.6382,2.75346
2.66881,2.63338,2.74627
2.66881,2.63338,2.74627
2.62667,2.63117,2.74373
2.58623,2.63011,2.74365
2.54318,2.62926,2.74201
2.49885,2.62736,2.73789
2.45993,2.62253,2.73481
2.41857,2.61886,2.73575
2.41857,2.61886,2.73575
2.37385,2.61419,2.73097
2.33015,2.61255,2.72703
2.28808,2.61033,2.7242
2.24828,2.60907,2.72587
2.20928,2.60494,2.72449
2.16753,2.60244,2.72295
2.16753,2.60244,2.72295
2.12646,2.60054,2.71793
2.0844,2.59968,2.71348
2.04335,2.59777,2.70707
2.00707,2.59676,2.7063
1.96732,2.59489,2.70306
1.92873,2.59727,2.70353
1.92873,2.59727,2.70353
1.88524,2.59376,2.70013
1.85158,2.59389,2.70107
1.81386,2.5926,2.70141
1.77401,2.59229,2.70108
1.73383,2.59077,2.69659
1.69372,2.59098,2.69553
1.69372,2.59098,2.69553
1.65395,2.59099,2.69703
1.61668,2.58695,2.69235
1.5776,2.58615,2.69329
1.54015,2.58561,2.69007
1.50417,2.58281,2.68687
1.47124,2.58228,2.688
1.47124,2.58228,2.688
1.44086,2.58053,2.69245
1.4064,2.5793,2.69062
1.37175,2.57894,2.69051
1.34064,2.57914,2.69256
1.31153,2.57734,2.69238
1.27975,2.57885,2.69634
1.27975,2.57885,2.69634
1.24734,2.57895,2.69588
1.21705,2.57679,2.69328
1.18918,2.57982,2.70072
1.15361,2.57801,2.6952
1.12132,2.57618,2.69278
1.09055,2.57952,2.6938
1.09055,2.57952,2.6938
1.06333,2.57999,2.69555
1.04084,2.57965,2.69672
1.01159,2.58279,2.69853
0.985704,2.58169,2.69848
0.962284,2.58364,2.70176
0.939256,2.58256,2.70443
0.939256,2.58256,2.70443
0.909971,2.58254,2.70283
0.887262,2.58383,2.70309
0.8609,2.58508,2.70273
0.844897,2.58754,2.70867
0.821182,2.58786,2.70752
0.796792,2.58778,2.70694
0.796792,2.58778,2.70694
0.776459,2.59151,2.71014
0.752946,2.59016,2.70584
0.736174,2.59134,2.71011
0.71524,2.59323,2.70812
0.695012,2.59467,2.70846
0.676673,2.59556,2.70981
0.676673,2.59556,2.70981
0.654796,2.59664,2.70677
0.638009,2.59722,2.70795
0.616814,2.60052,2.70778
0.601821,2.60208,2.71405
0.585185,2.60499,2.71628
0.568451,2.60687,2.71555
0.568451,2.60687,2.71555
0.548382,2.61012,2.71466
0.531779,2.61066,2.7141
0.516016,2.61094,2.71494
0.497688,2.61429,2.71297
0.486696,2.6149,2.7165
0.470796,2.61889,2.71696
0.470796,2.61889,2.71696
0.457765,2.61878,2.71478
0.447392,2.62172,2.71819
0.430717,2.6247,2.71427
0.42112,2.62818,2.72007
0.409383,2.63011,2.72091
0.399579,2.63182,2.71973
0.399579,2.63182,2.71973
0.388061,2.63303,2.72181
0.374973,2.63603,2.72134
0.365541,2.63827,2.72019
0.355006,2.64221,2.72089
0.344028,2.64188,2.71889
0.339589,2.64505,2.72495
0.339589,2.64505,2.72495
0.327929,2.64809,2.72398
0.320432,2.64958,2.72069
0.308311,2.65218,2.7196
0.302434,2.65566,2.7234
0.294385,2.65891,2.72261
0.284897,2.65975,2.72257
0.284897,2.65975,2.72257
0.278152,2.66272,2.72459
0.274298,2.66363,2.72637
0.265505,2.66568,2.72424
0.261008,2.67,2.72627
0.252477,2.67341,2.72473
0.248778,2.6729,2.72792
0.248778,2.6729,2.72792
0.24014,2.67621,2.7248
0.234087,2.67914,2.72534
0.229293,2.68092,2.72499
0.226644,2.68412,2.72826
0.219704,2.68412,2.72391
0.216758,2.68837,2.72524
0.216758,2.68837,2.72524
0.212993,2.69037,2.72515
0.212467,2.69093,2.72689
0.20732,2.69538,2.72615
0.203959,2.69575,2.72738
0.201786,2.69927,2.73015
0.200149,2.69982,2.73046
0.200149,2.69982,2.73046
0.201367,2.70324,2.73456
0.19651,2.70428,2.73343
0.194117,2.70619,2.73495
0.193223,2.7085,2.73654
0.192726,2.7105,2.73738
0.194213,2.71199,2.74043
0.194213,2.71199,2.74043
0.190137,2.71231,2.73829
0.190909,2.71498,2.73975
0.190854,2.71647,2.74098
0.190923,2.71879,2.74245
0.193501,2.71976,2.74543
0.191739,2.72144,2.74469
0.191739,2.72144,2.74469
0.193108,2.72326,2.74639
0.191869,2.72502,2.74639
0.19375,2.72681,2.74951
0.197011,2.72795,2.75291
0.201085,2.72854,2.75376
0.200947,2.73056,2.75428
0.200947,2.73056,2.75428
0.204229,2.7315,2.75598
0.208433,2.73404,2.75997
0.20711,2.73555,2.75768
0.209096,2.73676,2.75854
0.210571,2.73751,2.75859
0.215964,2.73816,2.76273
0.215964,2.73816,2.76273
0.215636,2.73815,2.76012
0.218209,2.74009,2.76189
0.220758,2.74061,2.76225
0.224411,2.7417,2.76504
0.225645,2.74264,2.76183
0.227922,2.74331,2.76138
0.227922,2.74331,2.76138
0.229982,2.74538,2.76295
0.234318,2.74687,2.76655
0.235493,2.7484,2.76487
0.237613,2.74662,2.7639
0.241455,2.74812,2.765
0.244817,2.74712,2.76512
0.244817,2.74712,2.76512
0.251205,2.7468,2.76845
0.251209,2.74953,2.76711
0.253919,2.74835,2.76612
0.258531,2.74906,2.76564
0.265626,2.74963,2.76831
0.265825,2.75203,2.76526
0.265825,2.75203,2.76526
0.26959,2.7526,2.76553
0.272664,2.7528,2.76565
0.278546,2.75275,2.76827
0.280352,2.75267,2.76456
0.284252,2.75284,2.76429
0.288643,2.752,2.76399
0.288643,2.752,2.76399
0.291588,2.75198,2.76171
0.297546,2.75166,2.76441
0.29896,2.75205,2.76243
0.302824,2.75197,2.76185
0.305639,2.75182,2.76204
0.311908,2.75163,2.76407
0.311908,2.75163,2.76407
0.314488,2.75116,2.76143
0.319326,2.7518,2.76176
0.322871,2.75093,2.76102
0.329226,2.75047,2.76178
0.331092,2.75099,2.7588
0.335802,2.75017,2.75924
0.335802,2.75017,2.75924
0.33887,2.74956,2.75759
0.345452,2.74873,2.76011
0.34766,2.74646,2.7604
0.352781,2.74666,2.7611
0.36023,2.74602,2.76319
0.365119,2.74617,2.76341
0.365119,2.74617,2.76341
0.371186,2.74639,2.76194
