0.00016205,4.85491e-05,-2.55038e-05, 1
0.000162074,4.87313e-05,-2.53656e-05, 1
0.000162362,4.91983e-05,-2.55767e-05, 0
0.000162798,4.90118e-05,-2.56217e-05, 0
0.000163668,4.841e-05,-2.58528e-05, 0
0.000163384,4.89716e-05,-2.56486e-05, 0
0.000163529,4.90456e-05,-2.54762e-05, 0
0.00016398,4.93999e-05,-2.57252e-05, 0
0.000164389,4.98082e-05,-2.58028e-05, 0
0.000165732,4.98699e-05,-2.62799e-05, 0
0.000165935,4.87888e-05,-2.62427e-05, 0
0.000165878,4.96535e-05,-2.6072e-05, 0
0.000165973,4.9431e-05,-2.60233e-05, 0
0.000166145,4.95922e-05,-2.62779e-05, 0
0.000168026,5.39668e-05,-2.79375e-05, 0
0.000169142,5.46095e-05,-2.77021e-05, 0
0.000171081,5.44824e-05,-2.89133e-05, 0
0.000171098,5.48807e-05,-2.92715e-05, 0
0.000171492,5.53611e-05,-2.9218e-05, 0
0.000170166,5.48846e-05,-2.9536e-05, 0
0.000171268,5.45958e-05,-2.90345e-05, 0
0.000171264,5.39574e-05,-2.8849e-05, 0
0.000171386,5.43193e-05,-2.90174e-05, 0
0.000171573,5.42391e-05,-2.92756e-05, 0
0.000169909,5.38536e-05,-2.95231e-05, 0
0.00017146,5.30186e-05,-2.89978e-05, 0
0.000171527,5.39669e-05,-2.90499e-05, 0
0.000171315,5.35174e-05,-2.87539e-05, 0
0.000171501,5.40143e-05,-2.90353e-05, 0
0.000171865,5.52663e-05,-2.93528e-05, 0
0.000172046,5.71847e-05,-3.01361e-05, 0
0.000172005,5.41337e-05,-2.92172e-05, 0
0.000172212,5.62167e-05,-2.97755e-05, 0
0.000172434,5.58401e-05,-2.96479e-05, 0
0.000171709,5.49022e-05,-2.90007e-05, 0
0.000172511,5.58133e-05,-2.96295e-05, 0
0.000172712,5.60378e-05,-2.97052e-05, 0
0.000172667,5.61458e-05,-2.9534e-05, 0
0.000172789,5.65052e-05,-2.95093e-05, 0
0.000172905,5.50321e-05,-2.86989e-05, 0
0.000168109,5.87243e-05,-3.10877e-05, 0
0.000174127,5.53068e-05,-2.9248e-05, 0
0.000174562,5.61864e-05,-2.93253e-05, 0
0.000174873,5.5508e-05,-2.91452e-05, 0
0.000174971,5.41098e-05,-2.86996e-05, 0
0.000169808,5.74479e-05,-3.07077e-05, 0
0.000175893,5.43117e-05,-2.86875e-05, 0
0.00017563,5.25151e-05,-2.86776e-05, 0
0.000175639,5.2064e-05,-2.856e-05, 0
0.000175524,5.31392e-05,-2.943e-05, 0
0.000171221,5.60268e-05,-3.38298e-05, 0
0.000171562,5.55084e-05,-3.34897e-05, 0
0.000171953,5.55241e-05,-3.35668e-05, 0
0.000177787,5.0717e-05,-3.19938e-05, 0
0.00017844,5.41738e-05,-3.31394e-05, 0
0.000172401,5.64577e-05,-3.40905e-05, 0
0.000172871,5.48764e-05,-3.31359e-05, 0
0.000173502,5.53956e-05,-3.39029e-05, 0
0.000173275,5.51288e-05,-3.31216e-05, 0
0.000177897,5.0973e-05,-3.16721e-05, 0
0.000172731,5.44678e-05,-3.32391e-05, 0
0.000173526,5.44862e-05,-3.29646e-05, 0
0.000173737,5.49602e-05,-3.33695e-05, 0
0.000173855,5.53854e-05,-3.36985e-05, 0
0.000177868,5.33993e-05,-3.2224e-05, 0
0.000173798,5.56833e-05,-3.3061e-05, 0
0.000174026,5.79168e-05,-3.4071e-05, 0
0.00017352,5.5806e-05,-3.29228e-05, 0
0.000173396,5.56451e-05,-3.29612e-05, 0
0.000177837,5.29804e-05,-3.21151e-05, 0
0.000176399,5.70728e-05,-3.09728e-05, 0
0.000176561,5.88259e-05,-3.14354e-05, 0
0.000177138,5.8368e-05,-3.1524e-05, 0
0.000176489,5.81541e-05,-3.12103e-05, 0
0.000182049,5.7103e-05,-3.06219e-05, 0
0.000176772,5.82482e-05,-3.1101e-05, 0
0.000177065,5.78962e-05,-3.08055e-05, 0
0.000176766,5.92886e-05,-3.14607e-05, 0
0.000177928,5.92152e-05,-3.14247e-05, 0
0.000182872,5.63852e-05,-3.05022e-05, 0
0.000178701,6.04174e-05,-3.18869e-05, 0
0.000178861,5.88586e-05,-3.10046e-05, 0
0.000178079,5.10987e-05,-2.88655e-05, 0
0.000178437,5.10041e-05,-2.94032e-05, 0
0.000178804,5.09099e-05,-2.99381e-05, 0
0.000183517,4.67297e-05,-2.8049e-05, 0
0.00018367,4.5601e-05,-2.77269e-05, 0
0.000180213,4.96901e-05,-2.91267e-05, 0
0.00018076,4.98771e-05,-2.88717e-05, 0
0.000180884,4.98255e-05,-2.87584e-05, 0
0.000181062,4.9449e-05,-2.87409e-05, 0
0.00018124,4.90725e-05,-2.87235e-05, 0
0.000184811,4.55403e-05,-2.82254e-05, 0
0.000185136,4.59833e-05,-2.80825e-05, 0
0.000181643,4.98582e-05,-2.92841e-05, 0
0.000181724,4.95059e-05,-2.9337e-05, 0
0.000182266,4.88415e-05,-2.93434e-05, 0
0.000182948,-0.000142498,5.97432e-05, 0
0.000767439,-0.00074884,0.00166682, 0
0.00185607,-0.00178087,0.00957788, 0
0.00182409,-0.00317081,0.0261119, 0
0.00217876,-0.00471767,0.0513402, 0
0.00243545,-0.00618266,0.0868068, 0
0.00280781,-0.00764861,0.123099, 0
0.00326474,-0.0101869,0.171317, 0
0.00358689,-0.0121411,0.227663, 0
0.0040351,-0.0148992,0.287377, 0
0.0036846,-0.0180075,0.363513, 0
0.00384551,-0.0205109,0.436993, 0
0.00412504,-0.0247612,0.514783, 0
0.00497361,-0.0292174,0.597554, 0
0.00550277,-0.0330018,0.683266, 0
0.00555024,-0.0373588,0.759958, 0
0.00618053,-0.0410106,0.8399, 0
0.00557176,-0.0444341,0.916368, 0
0.00621441,-0.0483989,0.986852, 0
0.00720317,-0.0533221,1.0588, 0
0.00751762,-0.0561075,1.12968, 0
0.00903347,-0.0603921,1.19384, 0
0.00904596,-0.0642551,1.2614, 0
0.0103169,-0.0689653,1.3237, 0
0.0107752,-0.0731795,1.37872, 0
0.0118212,-0.0773103,1.4368, 0
0.0127372,-0.0821561,1.49403, 0
0.0126426,-0.0869671,1.54742, 0
0.0148124,-0.0906751,1.60206, 0
0.015021,-0.0935059,1.65548, 0
0.0156011,-0.0967242,1.70282, 0
0.0152295,-0.10061,1.75124, 0
0.0150004,-0.10558,1.79838, 0
0.0158293,-0.10831,1.84027, 0
0.0171622,-0.111918,1.88614, 0
0.0170956,-0.114435,1.92946, 0
0.0176608,-0.117756,1.96757, 0
0.0181844,-0.119667,2.00887, 0
0.0193309,-0.122526,2.0466, 0
0.0203301,-0.124731,2.0811, 0
0.0205392,-0.128461,2.1181, 0
0.0209904,-0.131321,2.1511, 0
0.0221675,-0.135043,2.18259, 0
0.0222287,-0.137907,2.21402, 0
0.0227639,-0.140435,2.24306, 0
0.0241755,-0.142254,2.2713, 0
0.0255935,-0.146546,2.29939, 0
0.0265776,-0.148284,2.32683, 0
0.0276052,-0.150781,2.3502, 0
0.0284952,-0.153543,2.37374, 0
0.0289229,-0.155775,2.39696, 0
0.0295131,-0.157464,2.41895, 0
0.0292572,-0.159944,2.43975, 0
0.0299126,-0.162357,2.4593, 0
0.0296871,-0.165006,2.4761, 0
0.0300022,-0.166569,2.49478, 0
0.0304048,-0.168974,2.51429, 0
0.0304785,-0.170051,2.53003, 0
0.0308487,-0.171417,2.54632, 0
0.0310148,-0.172951,2.56399, 0
0.0305585,-0.173736,2.57747, 0
0.0310822,-0.17525,2.59056, 0
0.0314263,-0.176612,2.60376, 0
0.0316827,-0.177824,2.61679, 0
0.0316683,-0.17869,2.6299, 0
0.0321437,-0.179863,2.64221, 0
0.0320197,-0.180727,2.65366, 0
0.0323821,-0.180862,2.66605, 0
0.0325808,-0.181791,2.67661, 0
0.0326418,-0.182182,2.68618, 0
0.032589,-0.183724,2.69558, 0
0.0323071,-0.184344,2.70467, 0
0.0318826,-0.184739,2.71385, 0
0.0319828,-0.185168,2.72231, 0
0.0316078,-0.18543,2.72912, 0
0.031087,-0.186141,2.73635, 0
0.0313455,-0.186488,2.74263, 0
0.0309559,-0.186995,2.74943, 0
0.0304865,-0.18741,2.75626, 0
0.0303799,-0.187515,2.76186, 0
0.0292657,-0.187908,2.76919, 0
0.0290495,-0.187868,2.77468, 0
0.0291742,-0.188013,2.77977, 0
0.0287818,-0.188774,2.78518, 0
0.0286016,-0.188388,2.78958, 0
0.0281811,-0.188142,2.79405, 0
0.0272865,-0.187652,2.79807, 0
0.0266871,-0.187957,2.80228, 0
0.0263448,-0.187458,2.80669, 0
0.0256345,-0.186709,2.81164, 0
0.0248562,-0.186792,2.81531, 0
0.0245133,-0.187064,2.81935, 0
0.0236239,-0.186355,2.82248, 0
0.0229588,-0.186208,2.82498, 0
0.0223596,-0.185759,2.82784, 0
0.0226176,-0.184872,2.83205, 0
0.0220091,-0.184297,2.83428, 0
0.0215734,-0.183699,2.83679, 0
0.0212509,-0.18324,2.83941, 0
0.0207511,-0.182746,2.84129, 0
0.0201478,-0.182149,2.84327, 0
0.0200041,-0.181478,2.84557, 0
0.0193216,-0.181551,2.84765, 0
0.0185075,-0.180862,2.84945, 0
0.0177162,-0.181079,2.8508, 0
0.0168556,-0.180389,2.85344, 0
0.0159332,-0.179883,2.85503, 0
0.0154073,-0.178354,2.85607, 0
0.0144915,-0.178052,2.85806, 0
0.0136032,-0.177176,2.86031, 0
0.0133461,-0.176322,2.86199, 0
0.0131681,-0.176024,2.86383, 0
0.0121106,-0.175308,2.86529, 0
0.0119085,-0.174489,2.86691, 0
0.01119,-0.173914,2.86855, 0
0.0103809,-0.173992,2.87139, 0
0.00955067,-0.173384,2.87305, 0
0.00828214,-0.173004,2.87414, 0
0.00803535,-0.171939,2.87492, 0
0.0071305,-0.172026,2.87513, 0
0.00698542,-0.1712,2.8762, 0
0.00622986,-0.172004,2.87826, 0
0.00578037,-0.168932,2.87778, 0
0.00504509,-0.168828,2.87875, 0
0.00498743,-0.166803,2.87827, 0
0.00595268,-0.166478,2.87768, 0
0.00826613,-0.167169,2.87691, 0
0.0126938,-0.167086,2.87609, 0
0.0183312,-0.166533,2.87486, 0
0.0263485,-0.166833,2.87374, 0
0.0360207,-0.168401,2.87213, 0
0.046406,-0.17134,2.87139, 0
0.0582025,-0.172055,2.87285, 0
0.0708189,-0.174308,2.87261, 0
0.0863709,-0.174161,2.872, 0
0.10251,-0.174917,2.87062, 0
0.121962,-0.176905,2.86996, 0
0.141603,-0.177749,2.86961, 0
0.162179,-0.179294,2.86984, 0
0.185474,-0.180246,2.86842, 0
0.210252,-0.182238,2.86701, 0
0.236146,-0.183922,2.86556, 0
0.265693,-0.185469,2.86393, 0
0.298223,-0.185878,2.86148, 0
0.329466,-0.188211,2.86024, 0
0.364302,-0.19039,2.85809, 0
0.402572,-0.194224,2.85689, 0
0.436025,-0.196255,2.85486, 0
0.475078,-0.198951,2.85276, 0
0.516358,-0.201894,2.85098, 0
0.554046,-0.205177,2.84964, 0
0.596201,-0.208587,2.84765, 0
0.639544,-0.209101,2.84389, 0
0.681724,-0.211952,2.84273, 0
0.724779,-0.213695,2.83991, 0
0.767325,-0.214398,2.83718, 0
0.811212,-0.214185,2.83269, 0
0.856558,-0.216661,2.83017, 0
0.90258,-0.218473,2.82751, 0
0.943586,-0.216153,2.82314, 0
0.990374,-0.215061,2.81874, 0
1.03617,-0.217175,2.81644, 0
1.07864,-0.219928,2.81543, 0
1.12369,-0.222973,2.81426, 0
1.16913,-0.226085,2.81284, 0
1.21012,-0.229379,2.8119, 0
1.2548,-0.231947,2.81059, 0
1.29909,-0.234729,2.80894, 0
1.34051,-0.236254,2.80668, 0
1.38415,-0.238127,2.8043, 0
1.42697,-0.239951,2.80244, 0
1.46848,-0.241185,2.80063, 0
1.51198,-0.242174,2.79817, 0
1.55491,-0.244293,2.79675, 0
1.59427,-0.246955,2.79582, 0
1.63931,-0.249936,2.79395, 0
1.68157,-0.251615,2.79297, 0
1.72261,-0.253706,2.79166, 0
1.75994,-0.256118,2.79077, 0
1.79809,-0.259435,2.78863, 0
1.83384,-0.260862,2.78852, 0
1.87283,-0.261732,2.78691, 0
1.91127,-0.261456,2.78488, 0
1.94771,-0.26212,2.78338, 0
1.98654,-0.263838,2.78284, 0
2.02445,-0.263816,2.78068, 0
2.0578,-0.265531,2.78062, 0
2.09534,-0.268028,2.78101, 0
2.13178,-0.268477,2.77965, 0
2.16478,-0.271199,2.7797, 0
2.19856,-0.273511,2.78, 0
2.23376,-0.274998,2.78007, 0
2.26614,-0.276486,2.78007, 0
2.29645,-0.277854,2.77983, 0
2.32895,-0.279908,2.78016, 0
2.35938,-0.282,2.78113, 0
2.39098,-0.282932,2.78105, 0
2.42176,-0.283374,2.78044, 0
2.44999,-0.285668,2.77934, 0
2.4809,-0.287129,2.78029, 0
2.50946,-0.289653,2.78229, 0
2.53633,-0.291932,2.78282, 0
2.56584,-0.291529,2.78072, 0
2.59441,-0.293037,2.7813, 0
2.62034,-0.294561,2.78246, 0
2.64923,-0.295515,2.7821, 0
2.67631,-0.2987,2.78254, 0
2.69911,-0.300295,2.78318, 0
2.72274,-0.302411,2.78433, 0
2.74762,-0.304028,2.78461, 0
2.77005,-0.305319,2.78473, 0
2.79263,-0.303393,2.78221, 0
2.81615,-0.306025,2.78369, 0
2.8353,-0.306496,2.78398, 0
2.85719,-0.30876,2.78629, 0
2.87702,-0.309975,2.78702, 0
2.89483,-0.312102,2.78857, 0
2.91323,-0.313398,2.78994, 0
2.93244,-0.315641,2.79196, 0
2.95028,-0.316598,2.79238, 0
2.96801,-0.31691,2.79283, 0
2.98477,-0.317652,2.7936, 0
3.00008,-0.319132,2.79457, 0
3.01708,-0.319987,2.79578, 0
3.03272,-0.321467,2.79732, 0
3.04827,-0.322098,2.79711, 0
3.06408,-0.324006,2.79932, 0
3.07696,-0.32493,2.79996, 0
3.08897,-0.325946,2.80098, 0
3.10342,-0.327078,2.80223, 0
3.11728,-0.328085,2.80331, 0
3.13065,-0.330005,2.80561, 0
3.14401,-0.331077,2.80634, 0
3.1542,-0.333183,2.80828, 0
3.1645,-0.334478,2.80877, 0
3.17525,-0.335663,2.8103, 0
3.18511,-0.336648,2.81098, 0
3.19529,-0.338246,2.81196, 0
3.20563,-0.338147,2.81079, 0
3.21421,-0.338941,2.81119, 0
3.22176,-0.338931,2.8108, 0
3.23156,-0.338109,2.80957, 0
3.23917,-0.339185,2.80971, 0
3.24357,-0.338414,2.80991, 0
3.25006,-0.338868,2.80901, 0
3.25672,-0.340679,2.80946, 0
3.26345,-0.342761,2.80983, 0
3.26819,-0.342914,2.80981, 0
3.27381,-0.343692,2.81117, 0
3.27927,-0.345864,2.81265, 0
3.28276,-0.345111,2.81171, 0
3.28821,-0.347195,2.81371, 0
3.291,-0.347129,2.81339, 0
3.2935,-0.346564,2.8134, 0
3.29688,-0.346938,2.81464, 0
3.2992,-0.347117,2.81525, 0
3.30083,-0.347882,2.81698, 0
3.30364,-0.348019,2.81748, 0
3.3062,-0.349306,2.81864, 0
3.30758,-0.348976,2.81857, 0
3.30858,-0.348978,2.81872, 0
3.30934,-0.349014,2.81919, 0
3.30988,-0.348914,2.81962, 0
3.31173,-0.348634,2.81955, 0
3.31206,-0.348665,2.81996, 0
3.31261,-0.348629,2.82077, 0
3.31252,-0.348592,2.821, 0
3.31177,-0.348678,2.82141, 0
3.31107,-0.348573,2.82135, 0
3.31028,-0.348702,2.82125, 0
3.30831,-0.347737,2.82067, 0
3.30628,-0.348472,2.82115, 0
3.30482,-0.34871,2.82107, 0
3.30317,-0.348889,2.82105, 0
3.30144,-0.348629,2.82083, 0
3.29936,-0.348682,2.82084, 0
3.2972,-0.348533,2.82093, 0
3.29428,-0.348437,2.8215, 0
3.2913,-0.346769,2.8198, 0
3.28942,-0.3462,2.81979, 0
3.28653,-0.345712,2.81972, 0
3.28346,-0.345017,2.81977, 0
3.28068,-0.34422,2.81944, 0
3.27691,-0.342921,2.81869, 0
3.27354,-0.342915,2.81862, 0
3.27054,-0.342762,2.81762, 0
3.26592,-0.342417,2.81695, 0
3.26201,-0.341714,2.8171, 0
3.25819,-0.340972,2.81784, 0
3.25454,-0.340963,2.81709, 0
3.25041,-0.340451,2.81775, 0
3.24766,-0.340442,2.81949, 0
3.2433,-0.339703,2.82061, 0
3.23881,-0.33909,2.82158, 0
3.23459,-0.339098,2.82256, 0
3.22952,-0.338767,2.82348, 0
3.2245,-0.338362,2.82418, 0
3.22024,-0.33796,2.82581, 0
3.21522,-0.33762,2.82659, 0
3.20951,-0.336504,2.8273, 0
3.20633,-0.3362,2.82809, 0
3.19985,-0.334671,2.82859, 0
3.19431,-0.333802,2.82944, 0
3.18987,-0.333047,2.83, 0
3.18357,-0.33158,2.83026, 0
3.17781,-0.330554,2.83059, 0
3.17258,-0.329629,2.8311, 0
3.16663,-0.329173,2.83171, 0
3.16082,-0.32846,2.83213, 0
3.15517,-0.327847,2.83269, 0
3.14915,-0.327066,2.83324, 0
3.14349,-0.326057,2.83338, 0
3.13774,-0.325037,2.83395, 0
3.13168,-0.323949,2.83411, 0
3.12545,-0.322589,2.83424, 0
3.11974,-0.322003,2.83469, 0
3.11359,-0.322916,2.83661, 0
3.10708,-0.322112,2.83707, 0
3.10134,-0.321021,2.83707, 0
3.09437,-0.321722,2.83874, 0
3.08817,-0.321037,2.8394, 0
3.08228,-0.319817,2.83994, 0
3.07587,-0.318843,2.84101, 0
3.06933,-0.317397,2.84167, 0
3.06373,-0.31601,2.84193, 0
3.05726,-0.315024,2.84264, 0
3.05069,-0.311708,2.84206, 0
3.04439,-0.311144,2.84321, 0
3.03792,-0.309747,2.84364, 0
3.03084,-0.30813,2.84369, 0
3.02501,-0.307372,2.84426, 0
3.01784,-0.306483,2.84457, 0
3.01126,-0.305731,2.84517, 0
3.00489,-0.30453,2.84596, 0
2.99818,-0.303496,2.84682, 0
2.99111,-0.302367,2.84766, 0
2.98485,-0.301272,2.84847, 0
2.9781,-0.299872,2.84928, 0
2.97197,-0.298813,2.85015, 0
2.9657,-0.297515,2.85075, 0
2.95874,-0.296141,2.8521, 0
2.95191,-0.295159,2.85313, 0
2.94618,-0.294524,2.85354, 0
2.93885,-0.292481,2.85401, 0
2.93217,-0.291156,2.85455, 0
2.92556,-0.290538,2.85588, 0
2.91963,-0.289119,2.85684, 0
2.91342,-0.2881,2.85711, 0
2.90735,-0.28663,2.85735, 0
2.90034,-0.283432,2.85724, 0
2.89411,-0.281582,2.85701, 0
2.88871,-0.279866,2.8565, 0
2.88211,-0.278238,2.85639, 0
2.87554,-0.276293,2.85643, 0
2.86921,-0.274838,2.85576, 0
2.86247,-0.273621,2.85583, 0
2.85633,-0.271902,2.85468, 0
2.85048,-0.270761,2.85428, 0
2.84436,-0.269346,2.85363, 0
2.83823,-0.268501,2.85346, 0
2.83297,-0.268777,2.85547, 0
2.82738,-0.266621,2.85455, 0
2.82158,-0.265802,2.85442, 0
2.81572,-0.264528,2.85425, 0
2.80966,-0.26311,2.8548, 0
2.80464,-0.263467,2.85477, 0
2.79931,-0.262597,2.85527, 0
2.79389,-0.261764,2.85557, 0
2.78984,-0.259021,2.85329, 0
2.78421,-0.257877,2.853, 0
2.77906,-0.258014,2.85288, 0
2.77436,-0.258074,2.85162, 0
2.76922,-0.256661,2.85069, 0
2.7635,-0.254399,2.8475, 0
2.7613,-0.254865,2.84773, 0
2.75914,-0.25327,2.8462, 0
2.75493,-0.25328,2.84468, 0
2.74963,-0.251625,2.84289, 0
2.74716,-0.251809,2.84258, 0
2.74573,-0.252668,2.84181, 0
2.74153,-0.251547,2.8446, 0
2.73738,-0.250178,2.84233, 0
2.73592,-0.248715,2.8394, 0
2.73151,-0.24758,2.83867, 0
2.72775,-0.245937,2.83561, 0
2.72465,-0.248776,2.83501, 0
2.72144,-0.249751,2.83525, 0
2.71733,-0.247655,2.83354, 0
2.71776,-0.247461,2.82966, 0
2.71636,-0.247123,2.82826, 0
2.71584,-0.248605,2.82866, 0
2.71554,-0.249424,2.82877, 0
2.71431,-0.251169,2.82871, 0
2.71241,-0.251709,2.82724, 0
2.71003,-0.253051,2.8258, 0
2.70659,-0.254497,2.82581, 0
2.70628,-0.254675,2.82571, 0
2.70452,-0.255958,2.82542, 0
2.70137,-0.257419,2.82511, 0
2.7005,-0.257479,2.82383, 0
2.69629,-0.25641,2.82357, 0
2.69512,-0.256986,2.82278, 0
2.6947,-0.257653,2.82157, 0
2.69473,-0.258414,2.82118, 0
2.69308,-0.260774,2.82131, 0
2.68779,-0.262677,2.81923, 0
2.68675,-0.26512,2.81909, 0
2.68608,-0.265661,2.81796, 0
2.68213,-0.265606,2.81626, 0
2.68307,-0.264753,2.81531, 0
2.68082,-0.267214,2.8138, 0
2.67993,-0.266891,2.81183, 0
2.67649,-0.269835,2.81067, 0
2.67513,-0.269923,2.80875, 0
2.67196,-0.271872,2.80693, 0
2.67062,-0.273305,2.8064, 0
2.67078,-0.274639,2.80472, 0
2.66816,-0.275474,2.80093, 0
2.66615,-0.27956,2.80026, 0
2.66261,-0.282177,2.79868, 0
2.66147,-0.285029,2.79795, 0
2.65826,-0.289081,2.79576, 0
2.65571,-0.291035,2.79502, 0
2.65341,-0.290841,2.79224, 0
2.65095,-0.296015,2.79068, 0
2.6498,-0.299817,2.78821, 0
2.64967,-0.302192,2.78824, 0
2.64663,-0.30464,2.78662, 0
2.64457,-0.308625,2.78443, 0
2.64181,-0.312191,2.7828, 0
2.64078,-0.319912,2.77984, 0
2.63851,-0.323689,2.77843, 0
2.63525,-0.327283,2.77708, 0
2.63329,-0.333889,2.77509, 0
2.63079,-0.333714,2.77405, 0
2.6285,-0.337541,2.77242, 0
2.62468,-0.340649,2.77087, 0
2.62243,-0.346056,2.76965, 0
2.61953,-0.351702,2.76656, 0
2.6167,-0.35711,2.76389, 0
2.6139,-0.361143,2.76271, 0
2.61218,-0.368548,2.76147, 0
2.60939,-0.372833,2.76057, 0
2.60662,-0.379503,2.75869, 0
2.60221,-0.380127,2.75777, 0
2.60027,-0.388128,2.75492, 0
2.5984,-0.396037,2.75292, 0
2.59528,-0.400141,2.75269, 0
2.59365,-0.411927,2.74882, 0
2.58923,-0.412047,2.74943, 0
2.58658,-0.416891,2.7487, 0
2.58455,-0.425179,2.74786, 0
2.58077,-0.428963,2.7478, 0
2.57825,-0.432491,2.74719, 0
2.57726,-0.441027,2.74587, 0
2.57519,-0.448374,2.74371, 0
2.57373,-0.454529,2.74249, 0
2.57311,-0.461323,2.74244, 0
2.57232,-0.470191,2.74068, 0
2.57186,-0.480048,2.73835, 0
2.57057,-0.483409,2.73927, 0
2.5673,-0.488869,2.73978, 0
2.56585,-0.494871,2.73858, 0
2.56486,-0.501651,2.73759, 0
2.56403,-0.508427,2.73716, 0
2.56418,-0.517018,2.73609, 0
2.56323,-0.523476,2.73609, 0
2.56169,-0.526653,2.73703, 0
2.56031,-0.532358,2.73722, 0
2.56058,-0.541184,2.73681, 0
2.56081,-0.548197,2.73827, 0
2.56095,-0.556152,2.73774, 0
2.5609,-0.565256,2.73774, 0
2.55938,-0.568777,2.73906, 0
2.55864,-0.5735,2.73941, 0
2.55854,-0.579244,2.74071, 0
2.55956,-0.587719,2.74063, 0
2.55974,-0.592737,2.74178, 0
2.55976,-0.597339,2.74311, 0
2.5613,-0.606507,2.74373, 0
2.56242,-0.614568,2.74494, 0
2.56196,-0.617262,2.74717, 0
2.56342,-0.621861,2.74924, 0
2.56351,-0.626296,2.75011, 0
2.56565,-0.631731,2.75185, 0
2.56615,-0.636924,2.75361, 0
2.56752,-0.642599,2.75463, 0
2.56939,-0.648375,2.75719, 0
2.57098,-0.653084,2.75946, 0
2.57271,-0.658779,2.76096, 0
2.57474,-0.663696,2.7636, 0
2.57703,-0.667614,2.76665, 0
2.57901,-0.671228,2.77007, 0
2.58088,-0.676071,2.77414, 0
2.58271,-0.680385,2.77611, 0
2.58467,-0.683293,2.77986, 0
2.58737,-0.68745,2.78388, 0
2.58986,-0.689423,2.78842, 0
2.59249,-0.693899,2.79175, 0
2.59474,-0.695267,2.79612, 0
2.59717,-0.696359,2.80072, 0
2.6002,-0.699593,2.80461, 0
2.6038,-0.70318,2.80819, 0
2.60686,-0.705958,2.81219, 0
2.60975,-0.707821,2.81524, 0
2.61259,-0.708322,2.81979, 0
2.61554,-0.710815,2.82316, 0
2.61894,-0.712868,2.82673, 0
2.62219,-0.714397,2.83077, 0
2.6258,-0.715165,2.83446, 0
2.62972,-0.718146,2.83768, 0
2.63321,-0.720476,2.8406, 0
2.63683,-0.722343,2.84392, 0
2.64065,-0.722946,2.84795, 0
2.64412,-0.722971,2.85175, 0
2.64902,-0.72707,2.85382, 0
2.65183,-0.724152,2.85786, 0
2.65591,-0.725138,2.86071, 0
2.66044,-0.72684,2.86329, 0
2.66439,-0.72823,2.86515, 0
2.66788,-0.726099,2.8688, 0
2.67145,-0.725696,2.87097, 0
2.67517,-0.725275,2.87337, 0
2.67952,-0.727158,2.87581, 0
2.68388,-0.726313,2.87932, 0
2.68665,-0.724018,2.88145, 0
2.69042,-0.723683,2.88391, 0
2.69559,-0.72358,2.8856, 0
2.6987,-0.721483,2.88854, 0
2.70403,-0.723181,2.88997, 0
2.70735,-0.720997,2.89191, 0
2.71044,-0.718027,2.89406, 0
2.71547,-0.719103,2.89544, 0
2.72006,-0.717479,2.89896, 0
2.72408,-0.716135,2.90056, 0
2.72808,-0.715613,2.90224, 0
2.73146,-0.711624,2.90429, 0
2.73559,-0.708676,2.90652, 0
2.73938,-0.707406,2.90667, 0
2.74403,-0.705306,2.90818, 0
2.74706,-0.702423,2.9101, 0
2.75142,-0.699853,2.91209, 0
2.75572,-0.698034,2.91331, 0
2.7608,-0.697911,2.91371, 0
2.76499,-0.696509,2.91346, 0
2.76921,-0.692548,2.91516, 0
2.77295,-0.691527,2.91601, 0
2.7767,-0.689343,2.91688, 0
2.78036,-0.686152,2.9171, 0
2.78389,-0.683486,2.91678, 0
2.7872,-0.680476,2.91677, 0
2.79056,-0.676501,2.917, 0
2.79375,-0.673175,2.91762, 0
2.79784,-0.669441,2.91734, 0
2.80082,-0.664683,2.91763, 0
2.80429,-0.662054,2.91676, 0
2.8092,-0.662297,2.9154, 0
2.81369,-0.660818,2.91447, 0
2.81581,-0.655158,2.91479, 0
2.82143,-0.655932,2.91319, 0
2.82495,-0.653086,2.91196, 0
2.82869,-0.652019,2.91067, 0
2.83166,-0.648213,2.91027, 0
2.83591,-0.645777,2.90989, 0
2.84001,-0.644176,2.90784, 0
2.84159,-0.639297,2.90671, 0
2.84526,-0.637435,2.90493, 0
2.84889,-0.634059,2.90389, 0
2.85167,-0.629966,2.90307, 0
2.85483,-0.627214,2.90137, 0
2.85794,-0.624321,2.90007, 0
2.86195,-0.624328,2.89832, 0
2.86354,-0.617437,2.89833, 0
2.86607,-0.614013,2.89647, 0
2.86838,-0.608819,2.8955, 0
2.87216,-0.608766,2.89395, 0
2.87475,-0.606189,2.8931, 0
2.87798,-0.604476,2.89113, 0
2.88032,-0.600139,2.89019, 0
2.88313,-0.597208,2.88855, 0
2.88582,-0.594603,2.88752, 0
2.88859,-0.591814,2.88626, 0
2.89008,-0.586697,2.88475, 0
2.89216,-0.582662,2.88379, 0
2.89483,-0.579544,2.8824, 0
2.89792,-0.578937,2.88078, 0
2.90045,-0.575838,2.87916, 0
2.90334,-0.572714,2.87874, 0
2.905,-0.569362,2.87765, 0
2.90747,-0.566343,2.87669, 0
2.91039,-0.563884,2.87596, 0
2.91247,-0.562467,2.87511, 0
2.91562,-0.559943,2.87377, 0
2.91735,-0.554935,2.8736, 0
2.92064,-0.55345,2.87273, 0
2.92205,-0.55117,2.87019, 0
2.92372,-0.54854,2.86891, 0
2.9263,-0.544773,2.86871, 0
2.92668,-0.53947,2.8678, 0
2.92996,-0.539007,2.86581, 0
2.93155,-0.535509,2.86489, 0
2.93423,-0.532241,2.86375, 0
2.93637,-0.530643,2.86239, 0
2.93784,-0.526481,2.86089, 0
2.93809,-0.522076,2.86111, 0
2.94039,-0.520826,2.85946, 0
2.94177,-0.517686,2.85816, 0
2.94391,-0.516031,2.8562, 0
2.94418,-0.511994,2.85535, 0
2.94708,-0.511097,2.85348, 0
2.94713,-0.506094,2.85214, 0
2.9481,-0.503483,2.85066, 0
2.94909,-0.501552,2.84857, 0
2.95217,-0.501713,2.84694, 0
2.95521,-0.500268,2.84633, 0
2.95508,-0.494915,2.84575, 0
2.95526,-0.492313,2.84318, 0
2.95625,-0.488902,2.84244, 0
2.95837,-0.488236,2.84006, 0
2.95932,-0.484634,2.83933, 0
2.96166,-0.484564,2.8376, 0
2.96275,-0.482987,2.83579, 0
2.9641,-0.479783,2.83394, 0
2.96524,-0.477387,2.83239, 0
2.96748,-0.476959,2.83057, 0
2.96774,-0.473534,2.83057, 0
2.96951,-0.471912,2.8295, 0
2.96992,-0.469707,2.82793, 0
2.97047,-0.466351,2.82753, 0
2.97217,-0.466117,2.82616, 0
2.97277,-0.463392,2.82463, 0
2.97307,-0.460367,2.82388, 0
2.9731,-0.456478,2.82334, 0
2.97367,-0.453381,2.82338, 0
2.97447,-0.451068,2.82348, 0
2.97567,-0.449768,2.82259, 0
2.97674,-0.447947,2.8223, 0
2.97782,-0.446822,2.82163, 0
2.97848,-0.444899,2.8214, 0
2.9796,-0.443722,2.82148, 0
2.97947,-0.442809,2.81949, 0
2.98016,-0.440891,2.81978, 0
2.98031,-0.437772,2.82006, 0
2.98217,-0.437577,2.82087, 0
2.98242,-0.436011,2.82065, 0
2.98222,-0.433773,2.82058, 0
2.98232,-0.431877,2.82016, 0
2.98361,-0.430166,2.82065, 0
2.98395,-0.427917,2.82023, 0
2.98508,-0.427974,2.81929, 0
2.98489,-0.426221,2.81828, 0
2.98741,-0.425168,2.81853, 0
2.98837,-0.423834,2.81728, 0
2.9892,-0.419381,2.81715, 0
2.98872,-0.416462,2.81716, 0
2.98936,-0.414977,2.81659, 0
2.98973,-0.413639,2.81607, 0
2.98969,-0.411919,2.81516, 0
2.99079,-0.412707,2.8137, 0
2.99172,-0.41189,2.81178, 0
2.99179,-0.410623,2.81106, 0
2.99224,-0.408634,2.81088, 0
2.99289,-0.40728,2.81037, 0
2.99334,-0.404269,2.80991, 0
2.99392,-0.399126,2.81033, 0
2.99311,-0.392499,2.81024, 0
2.99315,-0.384039,2.81172, 0
2.99352,-0.375986,2.81282, 0
2.99312,-0.363983,2.81377, 0
2.99256,-0.351029,2.81371, 0
2.99027,-0.335088,2.81527, 0
2.98909,-0.315854,2.81436, 0
2.98924,-0.299559,2.8144, 0
2.9873,-0.279407,2.81449, 0
2.98482,-0.257242,2.81421, 0
2.98421,-0.237024,2.81459, 0
2.98458,-0.214882,2.81585, 0
2.98255,-0.189062,2.81675, 0
2.98202,-0.16428,2.81615, 0
2.9831,-0.13881,2.81654, 0
2.98145,-0.107736,2.81642, 0
2.98168,-0.0796067,2.81611, 0
2.98177,-0.0474737,2.81645, 0
2.98176,-0.0140266,2.81668, 0
2.98023,0.0229981,2.81599, 0
2.98032,0.0574294,2.81642, 0
2.98224,0.090411,2.81726, 0
2.98257,0.127742,2.81684, 0
2.98329,0.167533,2.81695, 0
2.98208,0.208869,2.81654, 0
2.98449,0.245016,2.81742, 0
2.98685,0.284316,2.81856, 0
2.98821,0.323231,2.81958, 0
2.98822,0.362419,2.81934, 0
2.98467,0.405919,2.81676, 0
2.98245,0.449372,2.81488, 0
2.98061,0.490083,2.81359, 0
2.97624,0.537601,2.8109, 0
2.97348,0.584807,2.80891, 0
2.9719,0.618445,2.80534, 0
2.97379,0.66066,2.8072, 0
2.97124,0.703551,2.80364, 0
2.97447,0.737437,2.80489, 0
2.97465,0.779631,2.80421, 0
2.97413,0.822775,2.80424, 0
2.97258,0.863266,2.80378, 0
2.97284,0.904842,2.80369, 0
2.97044,0.949185,2.80267, 0
2.96936,0.988162,2.80118, 0
2.96464,1.03327,2.79977, 0
2.967,1.06957,2.79772, 0
2.96608,1.1105,2.79777, 0
2.96332,1.15079,2.79609, 0
2.96348,1.18619,2.79584, 0
2.96139,1.22259,2.79467, 0
2.96051,1.26197,2.79487, 0
2.95984,1.29745,2.79282, 0
2.96039,1.3344,2.79249, 0
2.95867,1.36975,2.78984, 0
2.95795,1.40776,2.78869, 0
2.95841,1.44018,2.78807, 0
2.95959,1.47286,2.78737, 0
2.95866,1.50774,2.78655, 0
2.95581,1.54407,2.7856, 0
2.95403,1.57903,2.7842, 0
2.95479,1.60945,2.78364, 0
2.95557,1.63765,2.78389, 0
2.9554,1.67121,2.7846, 0
2.95663,1.70391,2.78618, 0
2.95909,1.73051,2.78572, 0
2.9578,1.76201,2.78481, 0
2.95414,1.79414,2.78544, 0
2.95777,1.81735,2.7858, 0
2.95911,1.84561,2.78629, 0
2.96305,1.86679,2.78734, 0
2.96026,1.89597,2.78794, 0
2.96565,1.91553,2.78821, 0
2.9637,1.94565,2.78976, 0
2.96911,1.96479,2.79182, 0
2.96887,1.99084,2.79211, 0
2.96954,2.01503,2.79326, 0
2.96932,2.03989,2.7954, 0
2.97357,2.05907,2.79616, 0
2.97581,2.07996,2.79885, 0
2.97306,2.10608,2.79906, 0
2.97756,2.12203,2.80267, 0
2.97833,2.14553,2.80409, 0
2.97664,2.16928,2.80671, 0
2.97699,2.18867,2.80735, 0
2.98156,2.20232,2.80938, 0
2.98159,2.22315,2.81158, 0
2.9829,2.24105,2.81264, 0
2.984,2.2612,2.81484, 0
2.98533,2.27634,2.81562, 0
2.98549,2.29243,2.81588, 0
2.98541,2.30983,2.8182, 0
2.98586,2.32606,2.81929, 0
2.989,2.34152,2.82136, 0
2.99166,2.35618,2.82457, 0
2.99198,2.37122,2.8264, 0
2.99298,2.38603,2.8275, 0
2.99567,2.39807,2.82947, 0
2.9981,2.40902,2.8317, 0
2.99642,2.42678,2.83276, 0
2.99704,2.43949,2.83368, 0
2.99911,2.45012,2.83472, 0
3.00024,2.46292,2.83682, 0
3.00108,2.47594,2.83917, 0
3.00249,2.48572,2.84118, 0
3.00197,2.49918,2.84231, 0
3.00352,2.50864,2.84498, 0
3.00436,2.51864,2.84647, 0
3.00616,2.52868,2.84814, 0
3.00798,2.53899,2.85094, 0
3.00968,2.54661,2.85247, 0
3.01099,2.55578,2.85419, 0
3.01176,2.56557,2.85598, 0
3.01053,2.57538,2.85667, 0
3.01051,2.58704,2.85736, 0
3.01348,2.59379,2.86063, 0
3.0166,2.59885,2.86328, 0
3.01758,2.60662,2.86534, 0
3.01734,2.61517,2.86547, 0
3.0187,2.62077,2.8665, 0
3.01912,2.62875,2.86771, 0
3.0204,2.63435,2.86884, 0
3.02202,2.6394,2.8695, 0
3.02183,2.64548,2.87066, 0
3.02184,2.65058,2.87141, 0
3.02169,2.65595,2.87239, 0
3.02162,2.66153,2.87331, 0
3.02201,2.66643,2.87419, 0
3.02252,2.67052,2.87525, 0
3.02444,2.67731,2.87577, 0
3.02548,2.68127,2.87783, 0
3.02601,2.68419,2.8784, 0
3.0271,2.68636,2.87953, 0
3.02834,2.68824,2.8804, 0
3.0292,2.68978,2.88162, 0
3.03033,2.691,2.88199, 0
3.03288,2.69083,2.88358, 0
3.03479,2.69482,2.88682, 0
3.0355,2.69665,2.888, 0
3.03732,2.69676,2.88894, 0
3.03922,2.6965,2.88991, 0
3.04022,2.69695,2.89052, 0
3.04231,2.69733,2.89151, 0
3.04222,2.69967,2.89194, 0
3.0436,2.69798,2.89237, 0
3.04531,2.69659,2.89309, 0
3.04624,2.69645,2.89401, 0
3.04741,2.69566,2.89371, 0
3.04888,2.69426,2.89378, 0
3.05022,2.69272,2.89415, 0
3.0516,2.69105,2.89412, 0
3.05009,2.69431,2.89474, 0
3.05015,2.69368,2.89444, 0
3.05167,2.69154,2.89475, 0
3.05024,2.6942,2.8949, 0
3.0501,2.694,2.89484, 0
3.0507,2.69221,2.89427, 0
3.05072,2.69104,2.89446, 0
3.05139,2.68973,2.89476, 0
3.0516,2.68879,2.89541, 0
3.0528,2.68524,2.89568, 0
3.05179,2.68473,2.89547, 0
3.05239,2.68292,2.89656, 0
3.05282,2.67948,2.89685, 0
3.0538,2.6762,2.89747, 0
3.05258,2.67607,2.89751, 0
3.05149,2.67536,2.89729, 0
3.05139,2.67365,2.89711, 0
3.05094,2.67235,2.89747, 0
3.05087,2.6711,2.89731, 0
3.05102,2.66769,2.89673, 0
3.05308,2.66233,2.89744, 0
3.0557,2.65517,2.89745, 0
3.05729,2.65073,2.89821, 0
3.05603,2.65002,2.89768, 0
3.05571,2.64751,2.89758, 0
3.05326,2.64887,2.89732, 0
3.05249,2.64728,2.89761, 0
3.0529,2.64259,2.89707, 0
3.05288,2.63914,2.89721, 0
3.05252,2.63588,2.89715, 0
3.05291,2.63171,2.89686, 0
3.05306,2.6271,2.89593, 0
3.05262,2.62266,2.8955, 0
3.05197,2.6178,2.89474, 0
3.04942,2.61748,2.89429, 0
3.04987,2.61258,2.89497, 0
3.04965,2.60843,2.89308, 0
3.0499,2.60314,2.89308, 0
3.04919,2.60048,2.89287, 0
3.04808,2.59726,2.89247, 0
3.04819,2.59182,2.89179, 0
3.04702,2.58803,2.89079, 0
3.04616,2.58382,2.88977, 0
3.0464,2.57872,2.88937, 0
3.04464,2.5761,2.88893, 0
3.04416,2.57458,2.8906, 0
3.0438,2.57195,2.8902, 0
3.04171,2.57091,2.89038, 0
3.04134,2.56845,2.89008, 0
3.03995,2.56622,2.89032, 0
3.0378,2.56498,2.89037, 0
3.03713,2.5651,2.89026, 0
3.03774,2.54613,2.88499, 0
3.03718,2.54087,2.88593, 0
3.03564,2.5346,2.88599, 0
3.03591,2.52901,2.88622, 0
3.03609,2.52279,2.88669, 0
3.03472,2.51935,2.88802, 0
3.0356,2.51288,2.8882, 0
3.03442,2.50918,2.88885, 0
3.03449,2.5016,2.89139, 0
3.03343,2.49871,2.89142, 0
3.0314,2.49693,2.89169, 0
3.0303,2.49509,2.89207, 0
3.02673,2.49315,2.89244, 0
3.02552,2.49243,2.89276, 0
3.02432,2.49015,2.8929, 0
3.02667,2.47245,2.89309, 0
3.02755,2.46117,2.89318, 0
3.02739,2.45968,2.89375, 0
3.02553,2.45902,2.89419, 0
3.02349,2.45813,2.89434, 0
3.01842,2.45642,2.89425, 0
3.0172,2.45473,2.89458, 0
3.01473,2.45333,2.89511, 0
3.01234,2.45243,2.89533, 0
3.00995,2.45109,2.89556, 0
3.00725,2.44816,2.89542, 0
3.0064,2.44743,2.89558, 0
3.00471,2.44515,2.89563, 0
3.00615,2.42498,2.89666, 0
3.00397,2.41769,2.89637, 0
3.00245,2.4116,2.89793, 0
3.00128,2.40728,2.8985, 0
2.99896,2.40489,2.8993, 0
2.99732,2.40169,2.90007, 0
2.99593,2.39897,2.90188, 0
2.9943,2.39526,2.90277, 0
2.99167,2.3896,2.90352, 0
2.9918,2.38505,2.9047, 0
2.9906,2.38257,2.90705, 0
2.98935,2.38083,2.90832, 0
2.99011,2.37809,2.90907, 0
2.99037,2.37482,2.91328, 0
2.99109,2.371,2.91442, 0
2.98914,2.36695,2.91494, 0
2.98804,2.36406,2.91626, 0
2.98588,2.36345,2.91801, 0
2.98918,2.35621,2.91917, 0
2.98883,2.35753,2.9217, 0
2.98847,2.35436,2.92146, 0
2.98656,2.35391,2.92168, 0
2.98376,2.3546,2.92297, 0
2.9825,2.35672,2.92544, 0
2.98039,2.35627,2.92696, 0
2.98219,2.35306,2.92879, 0
2.98475,2.34994,2.93067, 0
2.98206,2.3501,2.93419, 0
2.98178,2.34821,2.93402, 0
2.98013,2.3487,2.93543, 0
2.97757,2.34831,2.93448, 0
2.97276,2.3493,2.93569, 0
2.97318,2.35059,2.9385, 0
2.97061,2.35126,2.93785, 0
2.9697,2.35115,2.93882, 0
2.96741,2.35131,2.9371, 0
2.96618,2.3512,2.93786, 0
2.96586,2.34893,2.93571, 0
2.96339,2.34953,2.93599, 0
2.96058,2.3504,2.93535, 0
2.95976,2.35111,2.93671, 0
2.95816,2.35348,2.93886, 0
2.95895,2.35415,2.93918, 0
2.95716,2.35524,2.93924, 0
2.95662,2.3559,2.93843, 0
2.95432,2.35777,2.93999, 0
2.95448,2.35894,2.93964, 0
2.9567,2.35855,2.94035, 0
2.95265,2.36217,2.93789, 0
2.94879,2.36583,2.93683, 0
2.94752,2.36777,2.93851, 0
2.94626,2.37081,2.93652, 0
2.94714,2.37032,2.9361, 0
2.94686,2.3702,2.93472, 0
2.94632,2.37105,2.93521, 0
2.93983,2.37389,2.93079, 0
2.94,2.37666,2.93057, 0
2.93818,2.38162,2.92857, 0
2.93823,2.38213,2.9287, 0
2.93722,2.3859,2.92865, 0
2.9394,2.38708,2.9287, 0
2.93903,2.38862,2.92921, 0
2.93792,2.3907,2.92749, 0
2.93772,2.39185,2.92613, 0
2.94032,2.39236,2.9242, 0
2.93643,2.39678,2.92169, 0
2.93702,2.39868,2.91999, 0
2.93474,2.40242,2.91816, 0
2.93342,2.40603,2.91828, 0
2.93537,2.40482,2.9171, 0
2.93421,2.40813,2.9159, 0
2.93534,2.41198,2.9164, 0
2.93483,2.41602,2.91743, 0
2.93161,2.42021,2.9155, 0
2.92886,2.42332,2.91282, 0
2.92884,2.42727,2.91225, 0
2.92778,2.43299,2.91078, 0
2.93301,2.43243,2.91215, 0
2.92908,2.43611,2.91223, 0
2.93143,2.4392,2.90782, 0
2.9309,2.4419,2.90386, 0
2.92909,2.44523,2.90011, 0
2.93063,2.44782,2.90226, 0
2.92982,2.45157,2.90156, 0
2.93074,2.45276,2.90078, 0
2.93161,2.45729,2.8995, 0
2.93292,2.45857,2.89812, 0
2.93094,2.46136,2.89435, 0
2.93302,2.46314,2.89522, 0
2.9354,2.46423,2.89827, 0
2.93409,2.46801,2.89369, 0
2.93712,2.47106,2.89473, 0
2.93847,2.47475,2.89343, 0
2.93968,2.47713,2.89021, 0
2.93936,2.48018,2.88663, 0
2.93959,2.48626,2.88763, 0
2.94148,2.48709,2.88633, 0
2.94231,2.48963,2.88422, 0
2.94336,2.49161,2.88239, 0
2.94758,2.49394,2.88469, 0
2.94687,2.49757,2.87969, 0
2.94879,2.50072,2.87767, 0
2.94981,2.5041,2.8752, 0
2.95302,2.50688,2.87318, 0
2.95332,2.5116,2.86945, 0
2.95645,2.51383,2.86884, 0
2.9599,2.51661,2.86874, 0
2.95932,2.51909,2.86637, 0
2.96612,2.52231,2.86905, 0
2.96626,2.52621,2.86548, 0
2.97042,2.529,2.86591, 0
2.97024,2.53284,2.86089, 0
2.97162,2.53586,2.86047, 0
2.97855,2.53876,2.86187, 0
2.97775,2.54308,2.85761, 0
2.98043,2.54728,2.85739, 0
2.98506,2.54995,2.85884, 0
2.98756,2.5539,2.85835, 0
2.98996,2.55697,2.85666, 0
2.99583,2.55989,2.85688, 0
3.00115,2.56364,2.85701, 0
2.99951,2.56816,2.85168, 0
3.00373,2.57018,2.85373, 0
3.00803,2.57376,2.85446, 0
3.01209,2.57815,2.85321, 0
3.0153,2.58105,2.85383, 0
3.01597,2.58345,2.85029, 0
3.01892,2.58897,2.84928, 0
3.0245,2.59112,2.85242, 0
3.03118,2.59453,2.85104, 0
3.03614,2.59735,2.85159, 0
3.03789,2.60038,2.85046, 0
3.03972,2.60503,2.84881, 0
3.04289,2.60886,2.8496, 0
3.046,2.61256,2.84853, 0
3.05178,2.61465,2.85278, 0
3.05646,2.61831,2.85089, 0
3.06191,2.62107,2.85302, 0
3.06796,2.62427,2.85451, 0
3.07695,2.62568,2.85548, 0
3.08219,2.62904,2.85577, 0
3.08778,2.63245,2.85671, 0
3.09213,2.63505,2.85716, 0
3.09657,2.63693,2.8583, 0
3.09969,2.6412,2.85875, 0
3.10485,2.64407,2.85955, 0
3.10641,2.64648,2.85968, 0
3.10934,2.64854,2.85963, 0
3.11055,2.65227,2.86074, 0
3.10956,2.6564,2.86042, 0
3.11026,2.66084,2.86037, 0
3.11075,2.66401,2.86111, 0
3.11812,2.66714,2.85467, 0
3.12213,2.67127,2.85392, 0
3.12701,2.67436,2.85638, 0
3.12887,2.67573,2.85542, 0
3.13323,2.67863,2.8576, 0
3.13793,2.68062,2.85776, 0
3.14075,2.68366,2.85756, 0
3.14492,2.68595,2.85744, 0
3.14889,2.68892,2.86149, 0
3.1542,2.69056,2.86357, 0
3.15536,2.69378,2.86192, 0
3.15921,2.69686,2.86173, 0
3.16226,2.69877,2.86517, 0
3.16749,2.69842,2.86552, 0
3.16942,2.70213,2.86569, 0
3.17455,2.70349,2.86609, 0
3.17898,2.70605,2.86577, 0
3.18613,2.70857,2.8692, 0
3.19065,2.71329,2.8692, 0
3.19035,2.71503,2.86705, 0
3.19388,2.71683,2.86909, 0
3.2001,2.71704,2.87083, 0
3.20439,2.71947,2.87226, 0
3.20305,2.72411,2.86856, 0
3.20884,2.72548,2.86879, 0
3.21349,2.72676,2.86999, 0
3.21749,2.72902,2.86943, 0
3.22103,2.72983,2.87006, 0
3.22308,2.73257,2.86692, 0
3.22307,2.7349,2.86424, 0
3.22261,2.7366,2.86147, 0
3.23367,2.73642,2.86439, 0
3.22937,2.73927,2.86246, 0
3.23241,2.74172,2.86176, 0
3.237,2.74404,2.86126, 0
3.24376,2.74551,2.86392, 0
3.24463,2.74643,2.86168, 0
3.2464,2.74783,2.85888, 0
3.2488,2.75044,2.85734, 0
3.25146,2.75052,2.85509, 0
3.25843,2.75224,2.85722, 0
3.2569,2.75281,2.85288, 0
3.25848,2.75434,2.85059, 0
3.26275,2.75435,2.85196, 0
3.26839,2.7552,2.85479, 0
3.26565,2.75828,2.8495, 0
3.26759,2.75912,2.8475, 0
3.26823,2.75989,2.84449, 0
3.27454,2.76018,2.84592, 0
3.27411,2.76225,2.84122, 0
3.27688,2.76253,2.8391, 0
3.2784,2.76305,2.83911, 0
3.28208,2.76268,2.84132, 0
3.28168,2.76468,2.83561, 0
3.28646,2.76623,2.83578, 0
3.28678,2.76468,2.83402, 0
3.28964,2.76597,2.83484, 0
3.29044,2.76699,2.8315, 0
3.28853,2.76684,2.82759, 0
3.28701,2.76651,2.82403, 0
3.29154,2.76741,2.82473, 0
3.29509,2.76748,2.82531, 0
3.29645,2.76832,2.82317, 0
3.29757,2.76791,2.82155, 0
3.29867,2.7682,2.82009, 0
3.30145,2.76838,2.82044, 0
3.30093,2.76908,2.8177, 0
3.29776,2.76979,2.81511, 0
3.30062,2.7687,2.81502, 0
3.30313,2.76751,2.81481, 0
3.30745,2.7668,2.81561, 0
3.30829,2.76833,2.81438, 0
3.30627,2.76761,2.8154, 0
3.30725,2.7689,2.81466, 0
3.30974,2.76799,2.81707, 0
3.30742,2.76916,2.81501, 0
3.30531,2.77028,2.81288, 0
3.30749,2.76881,2.81403, 0
3.30798,2.76708,2.81544, 0
3.30629,2.76853,2.81318, 0
3.30772,2.7675,2.81301, 0
3.30762,2.76737,2.81408, 0
3.30821,2.76715,2.81385, 0
3.3106,2.76588,2.81653, 0
3.30747,2.76538,2.81392, 0
3.30932,2.76552,2.81477, 0
3.30825,2.76479,2.81445, 0
3.31167,2.76366,2.81788, 0
3.30961,2.76371,2.81509, 0
3.30768,2.7633,2.81395, 0
3.30881,2.76213,2.81399, 0
3.31304,2.76022,2.81644, 0
3.31268,2.75917,2.81378, 0
3.31305,2.75996,2.81403, 0
3.31366,2.76099,2.81457, 0
3.3172,2.75724,2.81641, 0
3.3132,2.75917,2.81427, 0
3.31313,2.75679,2.81305, 0
3.3156,2.75627,2.81395, 0
3.31481,2.75526,2.81308, 0
3.31653,2.75294,2.81395, 0
3.31512,2.75469,2.81191, 0
3.31609,2.75295,2.81134, 0
3.31565,2.75218,2.8101, 0
3.31502,2.75225,2.80981, 0
3.31541,2.75069,2.80702, 0
3.31372,2.74974,2.80458, 0
3.31583,2.74887,2.80358, 0
3.31454,2.74855,2.8065, 0
3.31393,2.74663,2.80315, 0
3.31393,2.74404,2.80065, 0
3.30982,2.74495,2.7972, 0
3.31501,2.74239,2.80028, 0
3.31172,2.74108,2.7954, 0
3.30989,2.74118,2.79371, 0
3.31046,2.7399,2.79211, 0
3.30802,2.73852,2.78893, 0
3.31026,2.73626,2.79098, 0
3.31027,2.73573,2.79012, 0
3.31032,2.73514,2.78993, 0
3.31039,2.73503,2.78993, 0
3.30919,2.73317,2.78826, 0
3.3111,2.73093,2.79021, 0
3.30729,2.72936,2.78426, 0
3.30699,2.72777,2.78349, 0
3.30644,2.72956,2.78428, 0
3.30512,2.72582,2.78437, 0
3.30284,2.72527,2.78219, 0
3.30271,2.72188,2.7813, 0
3.30151,2.72191,2.78122, 0
3.30543,2.72061,2.7849, 0
3.30177,2.71873,2.78091, 0
3.29616,2.71788,2.77877, 0
3.29982,2.71757,2.77865, 0
3.30176,2.71562,2.78056, 0
3.2979,2.7149,2.77678, 0
3.29685,2.7135,2.77582, 0
3.29492,2.71058,2.77446, 0
3.29523,2.70924,2.77718, 0
3.29306,2.70888,2.77509, 0
3.29272,2.70758,2.77515, 0
3.29347,2.70663,2.77529, 0
3.29399,2.70507,2.7762, 0
3.29484,2.7034,2.78029, 0
3.29009,2.70161,2.77779, 0
3.29109,2.70106,2.77794, 0
3.28997,2.69745,2.77831, 0
3.28958,2.69677,2.78179, 0
3.28898,2.69489,2.77951, 0
3.28581,2.69462,2.77882, 0
3.28396,2.69328,2.778, 0
3.28584,2.69256,2.77978, 0
3.28218,2.69079,2.7827, 0
3.27617,2.68883,2.77959, 0
3.26803,2.68702,2.7791, 0
3.25974,2.6861,2.77983, 0
3.25105,2.68208,2.78239, 0
3.23813,2.68209,2.78516, 0
3.22157,2.67963,2.78774, 0
3.20682,2.67737,2.78871, 0
3.19244,2.6763,2.78817, 0
3.17504,2.6742,2.78907, 0
3.15796,2.67036,2.78632, 0
3.13753,2.66839,2.78188, 0
3.11866,2.66731,2.77906, 0
3.09722,2.66392,2.77798, 0
3.07138,2.66028,2.77488, 0
3.04679,2.65821,2.77309, 0
3.02146,2.65649,2.77188, 0
2.99337,2.65374,2.7669, 0
2.96001,2.65143,2.76468, 0
2.92971,2.64982,2.76619, 0
2.89505,2.64718,2.76179, 0
2.86004,2.64298,2.7587, 0
2.82377,2.64187,2.75497, 0
2.78675,2.63974,2.75519, 0
2.74636,2.63875,2.75383, 0
2.70937,2.63816,2.75346, 0
2.6678,2.6334,2.74627, 0
2.62552,2.63117,2.74373, 0
2.58466,2.63007,2.74365, 0
2.54159,2.62922,2.74201, 0
2.49764,2.62735,2.73789, 0
2.45891,2.62252,2.73481, 0
2.41702,2.61881,2.73575, 0
2.37281,2.61417,2.73097, 0
2.32933,2.61255,2.72703, 0
2.28727,2.61034,2.7242, 0
2.2469,2.60904,2.72587, 0
2.20801,2.60491,2.72449, 0
2.16633,2.60241,2.72295, 0
2.12581,2.60054,2.71793, 0
2.084,2.5997,2.71348, 0
2.04336,2.59782,2.70707, 0
2.00669,2.59679,2.7063, 0
1.96699,2.59493,2.70306, 0
1.92799,2.59728,2.70353, 0
1.88468,2.59379,2.70013, 0
1.85075,2.59391,2.70107, 0
1.8129,2.59261,2.70141, 0
1.77304,2.5923,2.70108, 0
1.73334,2.5908,2.69659, 0
1.69314,2.59101,2.69553, 0
1.65306,2.59102,2.69703, 0
1.61629,2.587,2.69235, 0
1.57692,2.58619,2.69329, 0
1.53974,2.58566,2.69007, 0
1.50394,2.58286,2.68687, 0
1.47073,2.58233,2.688, 0
1.43988,2.58057,2.69245, 0
1.40572,2.57934,2.69062, 0
1.3711,2.57899,2.69051, 0
1.33984,2.57919,2.69256, 0
1.31087,2.57739,2.69238, 0
1.27879,2.5789,2.69634, 0
1.2466,2.579,2.69588, 0
1.21664,2.57683,2.69328, 0
1.18817,2.57988,2.70072, 0
1.15325,2.57806,2.6952, 0
1.12113,2.57622,2.69278, 0
1.09021,2.57957,2.6938, 0
1.06286,2.58005,2.69555, 0
1.04036,2.57971,2.69672, 0
1.01105,2.58285,2.69853, 0
0.985274,2.58174,2.69848, 0
0.961705,2.58371,2.70176, 0
0.938636,2.58262,2.70443, 0
0.909595,2.5826,2.70283, 0
0.886938,2.58388,2.70309, 0
0.860639,2.58512,2.70273, 0
0.844318,2.58761,2.70867, 0
0.820829,2.58791,2.70752, 0
0.796541,2.58783,2.70694, 0
0.776066,2.59156,2.71014, 0
0.752888,2.59019,2.70584, 0
0.735863,2.59139,2.71011, 0
0.715108,2.59326,2.70812, 0
0.694869,2.5947,2.70846, 0
0.676478,2.5956,2.70981, 0
0.654784,2.59666,2.70677, 0
0.637912,2.59725,2.70795, 0
0.616724,2.60054,2.70778, 0
0.601448,2.60214,2.71405, 0
0.584829,2.60504,2.71628, 0
0.568239,2.60691,2.71555, 0
0.548262,2.61014,2.71466, 0
0.531706,2.61068,2.7141, 0
0.515915,2.61097,2.71494, 0
0.497681,2.61431,2.71297, 0
0.486542,2.61493,2.7165, 0
0.470667,2.61892,2.71696, 0
0.457752,2.61879,2.71478, 0
0.447253,2.62175,2.71819, 0
0.430751,2.6247,2.71427, 0
0.420938,2.62822,2.72007, 0
0.409235,2.63014,2.72091, 0
0.399518,2.63184,2.71973, 0
0.387953,2.63306,2.72181, 0
0.374911,2.63605,2.72134, 0
0.365531,2.63828,2.72019, 0
0.354973,2.64222,2.72089, 0
0.344056,2.64188,2.71889, 0
0.339444,2.64509,2.72495, 0
0.327859,2.64811,2.72398, 0
0.320466,2.64958,2.72069, 0
0.308352,2.65217,2.7196, 0
0.302369,2.65568,2.7234, 0
0.294359,2.65892,2.72261, 0
0.284879,2.65976,2.72257, 0
0.278096,2.66274,2.72459, 0
0.274227,2.66364,2.72637, 0
0.2655,2.66569,2.72424, 0
0.260965,2.67001,2.72627, 0
0.252477,2.67342,2.72473, 0
0.24872,2.67291,2.72792, 0
0.240156,2.67621,2.7248, 0
0.234086,2.67915,2.72534, 0
0.229298,2.68092,2.72499, 0
0.226595,2.68413,2.72826, 0
0.219739,2.68411,2.72391, 0
0.216759,2.68837,2.72524, 0
0.212994,2.69037,2.72515, 0
0.212443,2.69094,2.72689, 0
0.207315,2.69538,2.72615, 0
0.20394,2.69575,2.72738, 0
0.201739,2.69928,2.73015, 0
0.200117,2.69983,2.73046, 0
0.201302,2.70325,2.73456, 0
0.196482,2.70428,2.73343, 0
0.194083,2.7062,2.73495, 0
0.193186,2.70851,2.73654, 0
0.192696,2.7105,2.73738, 0
0.194167,2.712,2.74043, 0
0.190127,2.71232,2.73829, 0
0.190891,2.71498,2.73975, 0
0.190832,2.71647,2.74098, 0
0.190898,2.71879,2.74245, 0
0.193463,2.71977,2.74543, 0
0.191721,2.72145,2.74469, 0
0.193085,2.72326,2.74639, 0
0.191855,2.72502,2.74639, 0
0.19372,2.7268,2.74951, 0
0.196971,2.72794,2.75291, 0
0.201056,2.72853,2.75376, 0
0.200927,2.73056,2.75428, 0
0.204206,2.7315,2.75598, 0
0.208397,2.73403,2.75997, 0
0.207101,2.73554,2.75768, 0
0.209085,2.73676,2.75854, 0
0.210565,2.7375,2.75859, 0
0.215938,2.73815,2.76273, 0
0.215634,2.73815,2.76012, 0
0.218198,2.74008,2.76189, 0
0.22075,2.74061,2.76225, 0
0.224392,2.74169,2.76504, 0
0.22565,2.74264,2.76183, 0
0.227927,2.74331,2.76138, 0
0.229977,2.74538,2.76295, 0
0.234296,2.74685,2.76655, 0
0.235489,2.7484,2.76487, 0
0.237615,2.74663,2.7639, 0
0.241451,2.74811,2.765, 0
0.244814,2.74712,2.76512, 0
0.251186,2.74679,2.76845, 0
0.251204,2.74952,2.76711, 0
0.253921,2.74836,2.76612, 0
0.258535,2.74907,2.76564, 0
0.265614,2.74962,2.76831, 0
0.265834,2.75204,2.76526, 0
0.269594,2.75261,2.76553, 0
0.272666,2.7528,2.76565, 0
0.278533,2.75273,2.76827, 0
0.280365,2.75269,2.76456, 0
0.284262,2.75286,2.76429, 0
0.288651,2.75201,2.76399, 0
0.291606,2.752,2.76171, 0
0.297541,2.75166,2.76441, 0
0.298969,2.75206,2.76243, 0
0.302833,2.75198,2.76185, 0
0.305643,2.75183,2.76204, 0
0.311899,2.75162,2.76407, 0
0.314499,2.75118,2.76143, 0
0.31933,2.75181,2.76176, 0
0.322878,2.75094,2.76102, 0
0.329226,2.75047,2.76178, 0
0.331111,2.75102,2.7588, 0
0.335811,2.75018,2.75924, 0
0.338886,2.74958,2.75759, 0
0.345445,2.74872,2.76011, 0
0.347654,2.74646,2.7604, 0
0.352773,2.74665,2.7611, 0
0.360211,2.74599,2.76319, 0
0.365106,2.74615,2.76341, 0
0.371189,2.74639,2.76194, 0
