0.000000 0.000000 0.000000 3.000000 
0.005000 0.032219 0.013481 2.999909 
0.010000 0.064436 0.026961 2.999636 
0.015000 0.096651 0.040440 2.999181 
0.020000 0.128861 0.053917 2.998544 
0.025000 0.161065 0.067391 2.997725 
0.030000 0.193263 0.080863 2.996725 
0.035000 0.225452 0.094331 2.995542 
0.040000 0.257630 0.107795 2.994178 
0.045000 0.289798 0.121254 2.992633 
0.050000 0.321952 0.134708 2.990906 
0.055000 0.354093 0.148156 2.988998 
0.060000 0.386217 0.161597 2.986908 
0.065000 0.418325 0.175031 2.984638 
0.070000 0.450414 0.188458 2.982187 
0.075000 0.482483 0.201876 2.979555 
0.080000 0.514531 0.215285 2.976743 
0.085000 0.546556 0.228684 2.973751 
0.090000 0.578557 0.242074 2.970578 
0.095000 0.610532 0.255452 2.967226 
0.100000 0.642480 0.268820 2.963695 
0.105000 0.674400 0.282175 2.959984 
0.110000 0.706290 0.295518 2.956095 
0.115000 0.738149 0.308848 2.952027 
0.120000 0.769976 0.322164 2.947780 
0.125000 0.801768 0.335466 2.943356 
0.130000 0.833525 0.348753 2.938754 
0.135000 0.865246 0.362025 2.933975 
0.140000 0.896928 0.375280 2.929019 
0.145000 0.928571 0.388519 2.923886 
0.150000 0.960174 0.401741 2.918578 
0.155000 0.991734 0.414944 2.913093 
0.160000 1.023250 0.428130 2.907434 
0.165000 1.054722 0.441296 2.901599 
0.170000 1.086147 0.454443 2.895591 
0.175000 1.117525 0.467570 2.889408 
0.180000 1.148854 0.480676 2.883052 
0.185000 1.180132 0.493761 2.876523 
0.190000 1.211359 0.506824 2.869821 
0.195000 1.242534 0.519864 2.862948 
0.200000 1.273654 0.532881 2.855903 
0.205000 1.304718 0.545875 2.848687 
0.210000 1.335726 0.558845 2.841301 
0.215000 1.366675 0.571789 2.833745 
0.220000 1.397565 0.584709 2.826020 
0.225000 1.428394 0.597602 2.818127 
0.230000 1.459162 0.610469 2.810065 
0.235000 1.489866 0.623309 2.801836 
0.240000 1.520505 0.636121 2.793440 
0.245000 1.551079 0.648905 2.784878 
0.250000 1.581585 0.661660 2.776151 
0.255000 1.612024 0.674385 2.767259 
0.260000 1.642392 0.687081 2.758203 
0.265000 1.672690 0.699747 2.748983 
0.270000 1.702916 0.712381 2.739600 
0.275000 1.733069 0.724983 2.730056 
0.280000 1.763147 0.737554 2.720350 
0.285000 1.793150 0.750092 2.710483 
0.290000 1.823075 0.762596 2.700457 
0.295000 1.852923 0.775066 2.690271 
0.300000 1.882692 0.787502 2.679927 
0.305000 1.912380 0.799903 2.669426 
0.310000 1.941986 0.812269 2.658768 
0.315000 1.971510 0.824598 2.647953 
0.320000 2.000950 0.836891 2.636984 
0.325000 2.030305 0.849147 2.625860 
0.330000 2.059574 0.861365 2.614582 
0.335000 2.088755 0.873544 2.603152 
0.340000 2.117849 0.885685 2.591570 
0.345000 2.146852 0.897787 2.579837 
0.350000 2.175765 0.909848 2.567954 
0.355000 2.204587 0.921869 2.555921 
0.360000 2.233315 0.933849 2.543740 
0.365000 2.261950 0.945788 2.531411 
0.370000 2.290490 0.957684 2.518936 
0.375000 2.318934 0.969538 2.506315 
0.380000 2.347281 0.981349 2.493549 
0.385000 2.375530 0.993116 2.480640 
0.390000 2.403680 1.004838 2.467587 
0.395000 2.431730 1.016517 2.454393 
0.400000 2.459678 1.028149 2.441057 
0.405000 2.487525 1.039737 2.427581 
0.410000 2.515269 1.051277 2.413967 
0.415000 2.542908 1.062771 2.400214 
0.420000 2.570443 1.074218 2.386324 
0.425000 2.597872 1.085617 2.372297 
0.430000 2.625193 1.096967 2.358136 
0.435000 2.652407 1.108269 2.343841 
0.440000 2.679512 1.119521 2.329412 
0.445000 2.706508 1.130724 2.314851 
0.450000 2.733392 1.141876 2.300160 
0.455000 2.760166 1.152977 2.285338 
0.460000 2.786826 1.164026 2.270387 
0.465000 2.813374 1.175024 2.255309 
0.470000 2.839807 1.185970 2.240103 
0.475000 2.866126 1.196862 2.224772 
0.480000 2.892328 1.207701 2.209316 
0.485000 2.918414 1.218486 2.193736 
0.490000 2.944383 1.229217 2.178034 
0.495000 2.970233 1.239894 2.162210 
0.500000 2.995963 1.250514 2.146266 
0.505000 3.021574 1.261079 2.130203 
0.510000 3.047064 1.271588 2.114021 
0.515000 3.072433 1.282040 2.097723 
0.520000 3.097679 1.292435 2.081308 
0.525000 3.122803 1.302772 2.064779 
0.530000 3.147802 1.313050 2.048136 
0.535000 3.172677 1.323271 2.031380 
0.540000 3.197427 1.333432 2.014513 
0.545000 3.222051 1.343533 1.997536 
0.550000 3.246548 1.353575 1.980450 
0.555000 3.270918 1.363556 1.963256 
0.560000 3.295160 1.373476 1.945955 
0.565000 3.319273 1.383335 1.928548 
0.570000 3.343257 1.393131 1.911037 
0.575000 3.367110 1.402866 1.893423 
0.580000 3.390834 1.412538 1.875706 
0.585000 3.414425 1.422147 1.857889 
0.590000 3.437885 1.431692 1.839972 
0.595000 3.461213 1.441173 1.821956 
0.600000 3.484407 1.450590 1.803843 
0.605000 3.507467 1.459941 1.785634 
0.610000 3.530394 1.469228 1.767330 
0.615000 3.553185 1.478448 1.748931 
0.620000 3.575841 1.487603 1.730441 
0.625000 3.598361 1.496691 1.711859 
0.630000 3.620745 1.505712 1.693187 
0.635000 3.642991 1.514665 1.674425 
0.640000 3.665100 1.523551 1.655576 
0.645000 3.687071 1.532368 1.636641 
0.650000 3.708904 1.541117 1.617620 
0.655000 3.730597 1.549797 1.598515 
0.660000 3.752151 1.558407 1.579327 
0.665000 3.773565 1.566948 1.560058 
0.670000 3.794838 1.575418 1.540708 
0.675000 3.815971 1.583818 1.521279 
0.680000 3.836962 1.592147 1.501772 
0.685000 3.857812 1.600404 1.482188 
0.690000 3.878520 1.608590 1.462528 
0.695000 3.899085 1.616704 1.442794 
0.700000 3.919507 1.624745 1.422988 
0.705000 3.939785 1.632713 1.403109 
0.710000 3.959920 1.640608 1.383160 
0.715000 3.979911 1.648430 1.363141 
0.720000 3.999758 1.656177 1.343054 
0.725000 4.019459 1.663850 1.322900 
0.730000 4.039016 1.671449 1.302681 
0.735000 4.058427 1.678973 1.282397 
0.740000 4.077693 1.686421 1.262050 
0.745000 4.096812 1.693794 1.241641 
0.750000 4.115785 1.701090 1.221172 
0.755000 4.134612 1.708311 1.200643 
0.760000 4.153291 1.715454 1.180055 
0.765000 4.171823 1.722521 1.159411 
0.770000 4.190208 1.729510 1.138711 
0.775000 4.208445 1.736422 1.117956 
0.780000 4.226534 1.743256 1.097148 
0.785000 4.244475 1.750011 1.076288 
0.790000 4.262268 1.756688 1.055377 
0.795000 4.279912 1.763286 1.034416 
0.800000 4.297407 1.769805 1.013407 
0.805000 4.314753 1.776245 0.992351 
0.810000 4.331949 1.782604 0.971249 
0.815000 4.348997 1.788884 0.950103 
0.820000 4.365894 1.795083 0.928912 
0.825000 4.382642 1.801202 0.907680 
0.830000 4.399240 1.807240 0.886407 
0.835000 4.415688 1.813197 0.865093 
0.840000 4.431986 1.819072 0.843742 
0.845000 4.448134 1.824865 0.822352 
0.850000 4.464131 1.830577 0.800927 
0.855000 4.479977 1.836206 0.779467 
0.860000 4.495673 1.841753 0.757973 
0.865000 4.511218 1.847218 0.736447 
0.870000 4.526612 1.852599 0.714889 
0.875000 4.541855 1.857897 0.693301 
0.880000 4.556948 1.863112 0.671684 
0.885000 4.571889 1.868243 0.650040 
0.890000 4.586679 1.873290 0.628369 
0.895000 4.601317 1.878253 0.606673 
0.900000 4.615805 1.883131 0.584953 
0.905000 4.630141 1.887925 0.563210 
0.910000 4.644326 1.892635 0.541445 
0.915000 4.658359 1.897259 0.519660 
0.920000 4.672242 1.901799 0.497855 
0.925000 4.685972 1.906253 0.476032 
0.930000 4.699552 1.910621 0.454193 
0.935000 4.712980 1.914904 0.432337 
0.940000 4.726257 1.919100 0.410467 
0.945000 4.739382 1.923211 0.388583 
0.950000 4.752356 1.927235 0.366687 
0.955000 4.765179 1.931173 0.344780 
0.960000 4.777850 1.935025 0.322863 
0.965000 4.790371 1.938789 0.300938 
0.970000 4.802740 1.942467 0.279004 
0.975000 4.814958 1.946058 0.257064 
0.980000 4.827025 1.949561 0.235119 
0.985000 4.838941 1.952977 0.213169 
0.990000 4.850706 1.956306 0.191217 
0.995000 4.862321 1.959547 0.169262 
1.000000 4.873785 1.962700 0.147307 
1.005000 4.885098 1.965765 0.125352 
1.010000 4.896260 1.968743 0.103398 
1.015000 4.907272 1.971632 0.081447 
1.020000 4.918134 1.974433 0.059500 
1.025000 4.928846 1.977146 0.037557 
1.030000 4.939408 1.979771 0.015621 
1.035000 4.949819 1.982306 -0.006309 
1.040000 4.960081 1.984754 -0.028231 
1.045000 4.970194 1.987112 -0.050143 
1.050000 4.980156 1.989382 -0.072045 
1.055000 4.989970 1.991564 -0.093936 
1.060000 4.999634 1.993656 -0.115814 
1.065000 5.009149 1.995659 -0.137678 
1.070000 5.018515 1.997574 -0.159529 
1.075000 5.027732 1.999399 -0.181363 
1.080000 5.036801 2.001135 -0.203180 
1.085000 5.045722 2.002782 -0.224980 
1.090000 5.054494 2.004340 -0.246761 
1.095000 5.063118 2.005809 -0.268522 
1.100000 5.071595 2.007188 -0.290262 
1.105000 5.079924 2.008479 -0.311980 
1.110000 5.088105 2.009680 -0.333675 
1.115000 5.096139 2.010792 -0.355345 
1.120000 5.104027 2.011814 -0.376991 
1.125000 5.111767 2.012747 -0.398610 
1.130000 5.119361 2.013591 -0.420202 
1.135000 5.126808 2.014346 -0.441766 
1.140000 5.134110 2.015012 -0.463301 
1.145000 5.141265 2.015588 -0.484806 
1.150000 5.148275 2.016075 -0.506279 
1.155000 5.155139 2.016474 -0.527720 
1.160000 5.161858 2.016783 -0.549128 
1.165000 5.168433 2.017003 -0.570502 
1.170000 5.174862 2.017134 -0.591841 
1.175000 5.181147 2.017176 -0.613143 
1.180000 5.187288 2.017129 -0.634408 
1.185000 5.193285 2.016993 -0.655635 
1.190000 5.199138 2.016769 -0.676823 
1.195000 5.204847 2.016456 -0.697972 
1.200000 5.210414 2.016055 -0.719079 
1.205000 5.215838 2.015565 -0.740144 
1.210000 5.221119 2.014986 -0.761166 
1.215000 5.226257 2.014320 -0.782144 
1.220000 5.231254 2.013565 -0.803078 
1.225000 5.236109 2.012722 -0.823966 
1.230000 5.240822 2.011792 -0.844808 
1.235000 5.245394 2.010773 -0.865602 
1.240000 5.249825 2.009667 -0.886347 
1.245000 5.254115 2.008474 -0.907043 
1.250000 5.258266 2.007193 -0.927689 
1.255000 5.262276 2.005825 -0.948284 
1.260000 5.266146 2.004370 -0.968827 
1.265000 5.269877 2.002828 -0.989317 
1.270000 5.273469 2.001199 -1.009753 
1.275000 5.276921 1.999484 -1.030135 
1.280000 5.280236 1.997682 -1.050461 
1.285000 5.283412 1.995794 -1.070731 
1.290000 5.286450 1.993820 -1.090943 
1.295000 5.289351 1.991761 -1.111097 
1.300000 5.292114 1.989616 -1.131193 
1.305000 5.294740 1.987385 -1.151228 
1.310000 5.297230 1.985069 -1.171203 
1.315000 5.299583 1.982669 -1.191117 
1.320000 5.301801 1.980184 -1.210968 
1.325000 5.303883 1.977614 -1.230756 
1.330000 5.305829 1.974960 -1.250480 
1.335000 5.307640 1.972222 -1.270140 
1.340000 5.309317 1.969401 -1.289734 
1.345000 5.310859 1.966496 -1.309262 
1.350000 5.312267 1.963507 -1.328722 
1.355000 5.313542 1.960436 -1.348115 
1.360000 5.314683 1.957283 -1.367439 
1.365000 5.315691 1.954047 -1.386694 
1.370000 5.316567 1.950729 -1.405878 
1.375000 5.317310 1.947329 -1.424992 
1.380000 5.317921 1.943848 -1.444034 
1.385000 5.318401 1.940285 -1.463003 
1.390000 5.318749 1.936642 -1.481899 
1.395000 5.318966 1.932918 -1.500721 
1.400000 5.319053 1.929115 -1.519469 
1.405000 5.319009 1.925231 -1.538141 
1.410000 5.318835 1.921268 -1.556737 
1.415000 5.318532 1.917226 -1.575256 
1.420000 5.318100 1.913105 -1.593697 
1.425000 5.317539 1.908905 -1.612061 
1.430000 5.316849 1.904628 -1.630345 
1.435000 5.316031 1.900273 -1.648550 
1.440000 5.315085 1.895840 -1.666674 
1.445000 5.314012 1.891331 -1.684718 
1.450000 5.312812 1.886745 -1.702679 
1.455000 5.311485 1.882083 -1.720559 
1.460000 5.310031 1.877346 -1.738355 
1.465000 5.308452 1.872533 -1.756068 
1.470000 5.306747 1.867645 -1.773697 
1.475000 5.304916 1.862683 -1.791240 
1.480000 5.302961 1.857647 -1.808698 
1.485000 5.300881 1.852537 -1.826070 
1.490000 5.298677 1.847354 -1.843355 
1.495000 5.296349 1.842099 -1.860553 
1.500000 5.293897 1.836771 -1.877662 
1.505000 5.291322 1.831371 -1.894683 
1.510000 5.288625 1.825900 -1.911615 
1.515000 5.285805 1.820359 -1.928457 
1.520000 5.282863 1.814747 -1.945209 
1.525000 5.279799 1.809065 -1.961869 
1.530000 5.276614 1.803314 -1.978438 
1.535000 5.273308 1.797493 -1.994915 
1.540000 5.269882 1.791605 -2.011300 
1.545000 5.266335 1.785649 -2.027591 
1.550000 5.262668 1.779625 -2.043788 
1.555000 5.258882 1.773534 -2.059892 
1.560000 5.254977 1.767378 -2.075900 
1.565000 5.250953 1.761155 -2.091813 
1.570000 5.246811 1.754867 -2.107630 
1.575000 5.242550 1.748515 -2.123351 
1.580000 5.238172 1.742099 -2.138976 
1.585000 5.233677 1.735619 -2.154502 
1.590000 5.229064 1.729076 -2.169931 
1.595000 5.224336 1.722470 -2.185262 
1.600000 5.219490 1.715803 -2.200494 
1.605000 5.214530 1.709074 -2.215627 
1.610000 5.209453 1.702285 -2.230660 
1.615000 5.204262 1.695436 -2.245593 
1.620000 5.198956 1.688527 -2.260425 
1.625000 5.193535 1.681560 -2.275157 
1.630000 5.188001 1.674534 -2.289787 
1.635000 5.182353 1.667451 -2.304315 
1.640000 5.176591 1.660310 -2.318741 
1.645000 5.170717 1.653113 -2.333064 
1.650000 5.164730 1.645861 -2.347284 
1.655000 5.158632 1.638553 -2.361401 
1.660000 5.152421 1.631191 -2.375414 
1.665000 5.146099 1.623775 -2.389323 
1.670000 5.139666 1.616306 -2.403127 
1.675000 5.133122 1.608784 -2.416826 
1.680000 5.126469 1.601211 -2.430420 
1.685000 5.119705 1.593586 -2.443909 
1.690000 5.112831 1.585911 -2.457291 
1.695000 5.105849 1.578186 -2.470567 
1.700000 5.098757 1.570412 -2.483736 
1.705000 5.091557 1.562590 -2.496799 
1.710000 5.084249 1.554720 -2.509754 
1.715000 5.076834 1.546802 -2.522602 
1.720000 5.069311 1.538839 -2.535342 
1.725000 5.061681 1.530830 -2.547974 
1.730000 5.053944 1.522776 -2.560498 
1.735000 5.046101 1.514677 -2.572913 
1.740000 5.038153 1.506536 -2.585219 
1.745000 5.030098 1.498351 -2.597416 
1.750000 5.021939 1.490125 -2.609503 
1.755000 5.013675 1.481857 -2.621481 
1.760000 5.005307 1.473549 -2.633349 
1.765000 4.996834 1.465201 -2.645108 
1.770000 4.988258 1.456815 -2.656755 
1.775000 4.979578 1.448390 -2.668293 
1.780000 4.970796 1.439927 -2.679720 
1.785000 4.961911 1.431428 -2.691036 
1.790000 4.952924 1.422892 -2.702241 
1.795000 4.943835 1.414322 -2.713335 
1.800000 4.934645 1.405717 -2.724317 
1.805000 4.925353 1.397079 -2.735189 
1.810000 4.915961 1.388407 -2.745948 
1.815000 4.906468 1.379704 -2.756596 
1.820000 4.896875 1.370970 -2.767132 
1.825000 4.887183 1.362204 -2.777556 
1.830000 4.877392 1.353410 -2.787868 
1.835000 4.867501 1.344586 -2.798068 
1.840000 4.857512 1.335735 -2.808156 
1.845000 4.847425 1.326856 -2.818132 
1.850000 4.837240 1.317951 -2.827995 
1.855000 4.826958 1.309020 -2.837746 
1.860000 4.816578 1.300064 -2.847384 
1.865000 4.806102 1.291084 -2.856910 
1.870000 4.795530 1.282081 -2.866323 
1.875000 4.784861 1.273056 -2.875624 
1.880000 4.774097 1.264010 -2.884812 
1.885000 4.763238 1.254942 -2.893887 
1.890000 4.752284 1.245855 -2.902850 
1.895000 4.741235 1.236749 -2.911701 
1.900000 4.730092 1.227625 -2.920439 
1.905000 4.718856 1.218483 -2.929064 
1.910000 4.707525 1.209325 -2.937578 
1.915000 4.696102 1.200151 -2.945978 
1.920000 4.684586 1.190963 -2.954267 
1.925000 4.672978 1.181760 -2.962443 
1.930000 4.661278 1.172545 -2.970507 
1.935000 4.649486 1.163317 -2.978459 
1.940000 4.637603 1.154078 -2.986299 
1.945000 4.625629 1.144828 -2.994027 
1.950000 4.613565 1.135569 -3.001644 
1.955000 4.601411 1.126301 -3.009148 
1.960000 4.589166 1.117024 -3.016542 
1.965000 4.576832 1.107741 -3.023824 
1.970000 4.564410 1.098452 -3.030995 
1.975000 4.551898 1.089157 -3.038055 
1.980000 4.539298 1.079858 -3.045004 
1.985000 4.526610 1.070555 -3.051843 
1.990000 4.513835 1.061249 -3.058571 
1.995000 4.500972 1.051941 -3.065189 
2.000000 4.488023 1.042632 -3.071697 
2.005000 4.474987 1.033323 -3.078095 
2.010000 4.461865 1.024015 -3.084384 
2.015000 4.448657 1.014708 -3.090563 
2.020000 4.435363 1.005403 -3.096634 
2.025000 4.421985 0.996102 -3.102595 
2.030000 4.408521 0.986805 -3.108448 
2.035000 4.394974 0.977513 -3.114193 
2.040000 4.381342 0.968227 -3.119831 
2.045000 4.367627 0.958947 -3.125360 
2.050000 4.353829 0.949675 -3.130782 
2.055000 4.339947 0.940411 -3.136098 
2.060000 4.325984 0.931157 -3.141307 
2.065000 4.311938 0.921912 -3.146409 
2.070000 4.297810 0.912679 -3.151406 
2.075000 4.283601 0.903457 -3.156297 
2.080000 4.269311 0.894248 -3.161083 
2.085000 4.254940 0.885053 -3.165764 
2.090000 4.240488 0.875872 -3.170341 
2.095000 4.225957 0.866706 -3.174813 
2.100000 4.211346 0.857556 -3.179183 
2.105000 4.196656 0.848423 -3.183449 
2.110000 4.181887 0.839308 -3.187612 
2.115000 4.167039 0.830211 -3.191673 
2.120000 4.152114 0.821133 -3.195632 
2.125000 4.137110 0.812076 -3.199490 
2.130000 4.122029 0.803040 -3.203248 
2.135000 4.106871 0.794025 -3.206904 
2.140000 4.091636 0.785034 -3.210461 
2.145000 4.076325 0.776065 -3.213918 
2.150000 4.060938 0.767121 -3.217277 
2.155000 4.045475 0.758202 -3.220537 
2.160000 4.029937 0.749309 -3.223699 
2.165000 4.014325 0.740443 -3.226764 
2.170000 3.998637 0.731604 -3.229733 
2.175000 3.982876 0.722794 -3.232605 
2.180000 3.967041 0.714012 -3.235381 
2.185000 3.951132 0.705260 -3.238063 
2.190000 3.935150 0.696539 -3.240650 
2.195000 3.919096 0.687849 -3.243143 
2.200000 3.902969 0.679192 -3.245543 
2.205000 3.886770 0.670567 -3.247850 
2.210000 3.870500 0.661976 -3.250065 
2.215000 3.854158 0.653419 -3.252189 
2.220000 3.837746 0.644898 -3.254222 
2.225000 3.821263 0.636412 -3.256164 
2.230000 3.804710 0.627963 -3.258018 
2.235000 3.788087 0.619552 -3.259783 
2.240000 3.771395 0.611178 -3.261459 
2.245000 3.754634 0.602843 -3.263048 
2.250000 3.737804 0.594548 -3.264551 
2.255000 3.720906 0.586293 -3.265967 
2.260000 3.703939 0.578079 -3.267298 
2.265000 3.686906 0.569907 -3.268545 
2.270000 3.669805 0.561776 -3.269707 
2.275000 3.652637 0.553689 -3.270787 
2.280000 3.635403 0.545646 -3.271784 
2.285000 3.618103 0.537646 -3.272699 
2.290000 3.600737 0.529692 -3.273534 
2.295000 3.583305 0.521783 -3.274288 
2.300000 3.565809 0.513920 -3.274963 
2.305000 3.548248 0.506105 -3.275560 
2.310000 3.530623 0.498336 -3.276079 
2.315000 3.512934 0.490616 -3.276521 
2.320000 3.495181 0.482945 -3.276886 
2.325000 3.477365 0.475323 -3.277177 
2.330000 3.459487 0.467750 -3.277392 
2.335000 3.441546 0.460229 -3.277534 
2.340000 3.423543 0.452758 -3.277604 
2.345000 3.405478 0.445339 -3.277601 
2.350000 3.387353 0.437972 -3.277527 
2.355000 3.369166 0.430657 -3.277383 
2.360000 3.350919 0.423396 -3.277169 
2.365000 3.332611 0.416189 -3.276886 
2.370000 3.314244 0.409036 -3.276536 
2.375000 3.295817 0.401938 -3.276119 
2.380000 3.277331 0.394895 -3.275637 
2.385000 3.258787 0.387908 -3.275089 
2.390000 3.240184 0.380978 -3.274476 
2.395000 3.221523 0.374104 -3.273801 
2.400000 3.202805 0.367287 -3.273063 
2.405000 3.184029 0.360528 -3.272264 
2.410000 3.165197 0.353827 -3.271405 
2.415000 3.146308 0.347184 -3.270486 
2.420000 3.127363 0.340601 -3.269508 
2.425000 3.108363 0.334077 -3.268472 
2.430000 3.089307 0.327613 -3.267380 
2.435000 3.070196 0.321208 -3.266232 
2.440000 3.051031 0.314865 -3.265029 
2.445000 3.031811 0.308582 -3.263772 
2.450000 3.012538 0.302360 -3.262462 
2.455000 2.993211 0.296200 -3.261100 
2.460000 2.973831 0.290102 -3.259688 
2.465000 2.954398 0.284067 -3.258225 
2.470000 2.934913 0.278093 -3.256713 
2.475000 2.915376 0.272183 -3.255153 
2.480000 2.895788 0.266336 -3.253546 
2.485000 2.876148 0.260552 -3.251893 
2.490000 2.856457 0.254832 -3.250194 
2.495000 2.836716 0.249176 -3.248452 
2.500000 2.816925 0.243584 -3.246667 
2.505000 2.797084 0.238056 -3.244839 
2.510000 2.777194 0.232594 -3.242970 
2.515000 2.757255 0.227195 -3.241061 
2.520000 2.737268 0.221862 -3.239113 
2.525000 2.717232 0.216595 -3.237127 
2.530000 2.697148 0.211392 -3.235104 
2.535000 2.677017 0.206255 -3.233045 
2.540000 2.656839 0.201184 -3.230951 
2.545000 2.636614 0.196178 -3.228823 
2.550000 2.616343 0.191239 -3.226661 
2.555000 2.596027 0.186365 -3.224468 
2.560000 2.575664 0.181558 -3.222244 
2.565000 2.555256 0.176817 -3.219990 
2.570000 2.534804 0.172142 -3.217706 
2.575000 2.514307 0.167533 -3.215395 
2.580000 2.493767 0.162991 -3.213057 
2.585000 2.473182 0.158515 -3.210694 
2.590000 2.452555 0.154106 -3.208305 
2.595000 2.431884 0.149763 -3.205892 
2.600000 2.411171 0.145486 -3.203457 
2.605000 2.390416 0.141276 -3.201000 
2.610000 2.369619 0.137132 -3.198522 
2.615000 2.348781 0.133055 -3.196025 
2.620000 2.327902 0.129043 -3.193508 
2.625000 2.306982 0.125098 -3.190974 
2.630000 2.286022 0.121219 -3.188424 
2.635000 2.265023 0.117407 -3.185857 
2.640000 2.243984 0.113660 -3.183276 
2.645000 2.222905 0.109978 -3.180681 
2.650000 2.201789 0.106363 -3.178074 
2.655000 2.180633 0.102813 -3.175455 
2.660000 2.159440 0.099328 -3.172825 
2.665000 2.138210 0.095908 -3.170186 
2.670000 2.116942 0.092554 -3.167538 
2.675000 2.095638 0.089264 -3.164882 
2.680000 2.074297 0.086038 -3.162220 
2.685000 2.052920 0.082877 -3.159552 
2.690000 2.031508 0.079780 -3.156879 
2.695000 2.010061 0.076747 -3.154203 
2.700000 1.988578 0.073778 -3.151524 
2.705000 1.967061 0.070871 -3.148843 
2.710000 1.945511 0.068028 -3.146161 
2.715000 1.923926 0.065248 -3.143480 
2.720000 1.902308 0.062529 -3.140799 
2.725000 1.880658 0.059873 -3.138121 
2.730000 1.858974 0.057279 -3.135445 
2.735000 1.837259 0.054746 -3.132774 
2.740000 1.815512 0.052274 -3.130107 
2.745000 1.793734 0.049862 -3.127446 
2.750000 1.771924 0.047511 -3.124792 
2.755000 1.750084 0.045220 -3.122146 
2.760000 1.728214 0.042988 -3.119508 
2.765000 1.706314 0.040815 -3.116880 
2.770000 1.684385 0.038700 -3.114262 
2.775000 1.662426 0.036644 -3.111655 
2.780000 1.640439 0.034645 -3.109060 
2.785000 1.618424 0.032704 -3.106479 
2.790000 1.596381 0.030819 -3.103911 
2.795000 1.574310 0.028990 -3.101358 
2.800000 1.552212 0.027218 -3.098821 
2.805000 1.530088 0.025500 -3.096300 
2.810000 1.507937 0.023836 -3.093796 
2.815000 1.485760 0.022227 -3.091310 
2.820000 1.463558 0.020672 -3.088844 
2.825000 1.441331 0.019169 -3.086397 
2.830000 1.419079 0.017719 -3.083971 
2.835000 1.396802 0.016320 -3.081566 
2.840000 1.374502 0.014973 -3.079183 
2.845000 1.352177 0.013677 -3.076823 
2.850000 1.329830 0.012430 -3.074487 
2.855000 1.307460 0.011233 -3.072175 
2.860000 1.285067 0.010084 -3.069888 
2.865000 1.262653 0.008983 -3.067628 
2.870000 1.240217 0.007930 -3.065394 
2.875000 1.217759 0.006924 -3.063187 
2.880000 1.195281 0.005964 -3.061009 
2.885000 1.172782 0.005049 -3.058859 
2.890000 1.150263 0.004178 -3.056738 
2.895000 1.127724 0.003352 -3.054648 
2.900000 1.105166 0.002569 -3.052589 
2.905000 1.082589 0.001828 -3.050561 
2.910000 1.059994 0.001129 -3.048565 
2.915000 1.037380 0.000472 -3.046602 
2.920000 1.014749 -0.000146 -3.044673 
2.925000 0.992100 -0.000724 -3.042777 
2.930000 0.969434 -0.001263 -3.040916 
2.935000 0.946752 -0.001764 -3.039090 
2.940000 0.924054 -0.002228 -3.037300 
2.945000 0.901339 -0.002656 -3.035546 
2.950000 0.878610 -0.003048 -3.033829 
2.955000 0.855865 -0.003405 -3.032149 
2.960000 0.833106 -0.003728 -3.030507 
2.965000 0.810332 -0.004019 -3.028904 
2.970000 0.787545 -0.004276 -3.027339 
2.975000 0.764744 -0.004503 -3.025814 
2.980000 0.741930 -0.004698 -3.024329 
2.985000 0.719104 -0.004864 -3.022885 
2.990000 0.696265 -0.005001 -3.021481 
2.995000 0.673414 -0.005110 -3.020118 
3.000000 0.650552 -0.005191 -3.018797 
3.005000 0.627679 -0.005246 -3.017518 
3.010000 0.604795 -0.005276 -3.016281 
3.015000 0.581900 -0.005281 -3.015087 
3.020000 0.558996 -0.005263 -3.013937 
3.025000 0.536082 -0.005221 -3.012830 
3.030000 0.513159 -0.005158 -3.011767 
3.035000 0.490228 -0.005074 -3.010748 
3.040000 0.467288 -0.004970 -3.009774 
3.045000 0.444339 -0.004846 -3.008844 
3.050000 0.421384 -0.004705 -3.007960 
3.055000 0.398421 -0.004546 -3.007121 
3.060000 0.375451 -0.004370 -3.006328 
3.065000 0.352475 -0.004179 -3.005581 
3.070000 0.329493 -0.003974 -3.004880 
3.075000 0.306506 -0.003755 -3.004225 
3.080000 0.283513 -0.003523 -3.003617 
3.085000 0.260515 -0.003280 -3.003055 
3.090000 0.237513 -0.003025 -3.002540 
3.095000 0.214507 -0.002761 -3.002073 
3.100000 0.191497 -0.002488 -3.001653 
3.105000 0.168484 -0.002208 -3.001280 
3.110000 0.145468 -0.001920 -3.000954 
3.115000 0.122450 -0.001626 -3.000676 
3.120000 0.099429 -0.001327 -3.000446 
3.125000 0.076407 -0.001023 -3.000263 
3.130000 0.053384 -0.000717 -3.000129 
3.135000 0.030359 -0.000409 -3.000042 
3.140000 0.007334 -0.000099 -3.000002 
3.145000 -0.015691 0.000211 -3.000011 
3.150000 -0.038716 0.000521 -3.000068 
3.155000 -0.061740 0.000829 -3.000172 
3.160000 -0.084763 0.001134 -3.000324 
3.165000 -0.107785 0.001436 -3.000524 
3.170000 -0.130804 0.001733 -3.000772 
3.175000 -0.153822 0.002025 -3.001067 
3.180000 -0.176837 0.002310 -3.001410 
3.185000 -0.199849 0.002588 -3.001800 
3.190000 -0.222857 0.002858 -3.002237 
3.195000 -0.245862 0.003119 -3.002722 
3.200000 -0.268863 0.003369 -3.003253 
3.205000 -0.291859 0.003609 -3.003832 
3.210000 -0.314850 0.003836 -3.004457 
3.215000 -0.337835 0.004050 -3.005129 
3.220000 -0.360815 0.004250 -3.005847 
3.225000 -0.383789 0.004436 -3.006611 
3.230000 -0.406756 0.004605 -3.007420 
3.235000 -0.429716 0.004758 -3.008276 
3.240000 -0.452669 0.004893 -3.009176 
3.245000 -0.475614 0.005010 -3.010122 
3.250000 -0.498551 0.005107 -3.011113 
3.255000 -0.521480 0.005184 -3.012148 
3.260000 -0.544400 0.005239 -3.013227 
3.265000 -0.567310 0.005272 -3.014349 
3.270000 -0.590211 0.005282 -3.015516 
3.275000 -0.613101 0.005268 -3.016725 
3.280000 -0.635982 0.005229 -3.017977 
3.285000 -0.658851 0.005165 -3.019271 
3.290000 -0.681709 0.005073 -3.020608 
3.295000 -0.704555 0.004954 -3.021985 
3.300000 -0.727390 0.004807 -3.023404 
3.305000 -0.750212 0.004631 -3.024864 
3.310000 -0.773021 0.004424 -3.026363 
3.315000 -0.795817 0.004186 -3.027903 
3.320000 -0.818599 0.003917 -3.029481 
3.325000 -0.841368 0.003615 -3.031099 
3.330000 -0.864122 0.003280 -3.032754 
3.335000 -0.886861 0.002910 -3.034448 
3.340000 -0.909585 0.002505 -3.036178 
3.345000 -0.932294 0.002064 -3.037945 
3.350000 -0.954986 0.001587 -3.039749 
3.355000 -0.977663 0.001072 -3.041587 
3.360000 -1.000322 0.000519 -3.043461 
3.365000 -1.022965 -0.000074 -3.045369 
3.370000 -1.045590 -0.000706 -3.047311 
3.375000 -1.068197 -0.001378 -3.049286 
3.380000 -1.090785 -0.002092 -3.051293 
3.385000 -1.113355 -0.002848 -3.053333 
3.390000 -1.135906 -0.003647 -3.055403 
3.395000 -1.158438 -0.004489 -3.057505 
3.400000 -1.180950 -0.005375 -3.059636 
3.405000 -1.203441 -0.006307 -3.061796 
3.410000 -1.225912 -0.007284 -3.063985 
3.415000 -1.248362 -0.008307 -3.066201 
3.420000 -1.270790 -0.009377 -3.068445 
3.425000 -1.293197 -0.010495 -3.070715 
3.430000 -1.315582 -0.011662 -3.073011 
3.435000 -1.337944 -0.012877 -3.075332 
3.440000 -1.360282 -0.014141 -3.077677 
3.445000 -1.382598 -0.015456 -3.080045 
3.450000 -1.404890 -0.016822 -3.082436 
3.455000 -1.427158 -0.018239 -3.084849 
3.460000 -1.449401 -0.019708 -3.087283 
3.465000 -1.471619 -0.021230 -3.089737 
3.470000 -1.493812 -0.022805 -3.092210 
3.475000 -1.515980 -0.024434 -3.094703 
3.480000 -1.538121 -0.026117 -3.097213 
3.485000 -1.560236 -0.027855 -3.099740 
3.490000 -1.582324 -0.029648 -3.102283 
3.495000 -1.604384 -0.031497 -3.104841 
3.500000 -1.626417 -0.033402 -3.107414 
3.505000 -1.648423 -0.035364 -3.110000 
3.510000 -1.670399 -0.037384 -3.112600 
3.515000 -1.692347 -0.039461 -3.115211 
3.520000 -1.714266 -0.041597 -3.117832 
3.525000 -1.736155 -0.043791 -3.120464 
3.530000 -1.758014 -0.046045 -3.123105 
3.535000 -1.779843 -0.048358 -3.125755 
3.540000 -1.801641 -0.050731 -3.128411 
3.545000 -1.823408 -0.053164 -3.131074 
3.550000 -1.845144 -0.055658 -3.133743 
3.555000 -1.866848 -0.058213 -3.136416 
3.560000 -1.888519 -0.060830 -3.139092 
3.565000 -1.910158 -0.063509 -3.141772 
3.570000 -1.931764 -0.066250 -3.144453 
3.575000 -1.953336 -0.069053 -3.147134 
3.580000 -1.974875 -0.071919 -3.149816 
3.585000 -1.996379 -0.074848 -3.152496 
3.590000 -2.017849 -0.077841 -3.155175 
3.595000 -2.039284 -0.080897 -3.157850 
3.600000 -2.060683 -0.084017 -3.160521 
3.605000 -2.082047 -0.087201 -3.163187 
3.610000 -2.103374 -0.090450 -3.165847 
3.615000 -2.124665 -0.093764 -3.168500 
3.620000 -2.145920 -0.097142 -3.171145 
3.625000 -2.167137 -0.100585 -3.173781 
3.630000 -2.188316 -0.104094 -3.176407 
3.635000 -2.209457 -0.107667 -3.179022 
3.640000 -2.230560 -0.111307 -3.181625 
3.645000 -2.251624 -0.115012 -3.184214 
3.650000 -2.272649 -0.118783 -3.186790 
3.655000 -2.293634 -0.122620 -3.189351 
3.660000 -2.314579 -0.126523 -3.191896 
3.665000 -2.335484 -0.130492 -3.194424 
3.670000 -2.356349 -0.134527 -3.196933 
3.675000 -2.377172 -0.138628 -3.199424 
3.680000 -2.397954 -0.142796 -3.201894 
3.685000 -2.418694 -0.147030 -3.204344 
3.690000 -2.439391 -0.151331 -3.206771 
3.695000 -2.460046 -0.155698 -3.209175 
3.700000 -2.480658 -0.160132 -3.211554 
3.705000 -2.501227 -0.164632 -3.213909 
3.710000 -2.521752 -0.169198 -3.216237 
3.715000 -2.542232 -0.173831 -3.218538 
3.720000 -2.562668 -0.178530 -3.220811 
3.725000 -2.583060 -0.183295 -3.223055 
3.730000 -2.603406 -0.188126 -3.225268 
3.735000 -2.623706 -0.193024 -3.227450 
3.740000 -2.643960 -0.197987 -3.229599 
3.745000 -2.664168 -0.203017 -3.231715 
3.750000 -2.684329 -0.208112 -3.233797 
3.755000 -2.704443 -0.213273 -3.235843 
3.760000 -2.724509 -0.218499 -3.237853 
3.765000 -2.744527 -0.223790 -3.239825 
3.770000 -2.764497 -0.229147 -3.241759 
3.775000 -2.784419 -0.234569 -3.243653 
3.780000 -2.804291 -0.240055 -3.245507 
3.785000 -2.824114 -0.245606 -3.247320 
3.790000 -2.843887 -0.251221 -3.249089 
3.795000 -2.863610 -0.256901 -3.250816 
3.800000 -2.883282 -0.262644 -3.252498 
3.805000 -2.902903 -0.268451 -3.254134 
3.810000 -2.922473 -0.274321 -3.255725 
3.815000 -2.941991 -0.280254 -3.257267 
3.820000 -2.961457 -0.286250 -3.258761 
3.825000 -2.980871 -0.292308 -3.260206 
3.830000 -3.000231 -0.298429 -3.261601 
3.835000 -3.019539 -0.304611 -3.262944 
3.840000 -3.038793 -0.310855 -3.264234 
3.845000 -3.057993 -0.317160 -3.265472 
3.850000 -3.077139 -0.323526 -3.266655 
3.855000 -3.096229 -0.329952 -3.267783 
3.860000 -3.115265 -0.336438 -3.268855 
3.865000 -3.134246 -0.342984 -3.269869 
3.870000 -3.153170 -0.349588 -3.270826 
3.875000 -3.172039 -0.356252 -3.271724 
3.880000 -3.190850 -0.362974 -3.272561 
3.885000 -3.209605 -0.369754 -3.273338 
3.890000 -3.228303 -0.376592 -3.274054 
3.895000 -3.246942 -0.383487 -3.274706 
3.900000 -3.265524 -0.390438 -3.275295 
3.905000 -3.284047 -0.397445 -3.275819 
3.910000 -3.302512 -0.404508 -3.276278 
3.915000 -3.320917 -0.411626 -3.276671 
3.920000 -3.339262 -0.418799 -3.276997 
3.925000 -3.357548 -0.426026 -3.277254 
3.930000 -3.375774 -0.433306 -3.277443 
3.935000 -3.393938 -0.440639 -3.277562 
3.940000 -3.412042 -0.448025 -3.277610 
3.945000 -3.430084 -0.455463 -3.277587 
3.950000 -3.448065 -0.462953 -3.277491 
3.955000 -3.465983 -0.470493 -3.277323 
3.960000 -3.483839 -0.478083 -3.277080 
3.965000 -3.501632 -0.485723 -3.276762 
3.970000 -3.519361 -0.493413 -3.276369 
3.975000 -3.537027 -0.501150 -3.275899 
3.980000 -3.554629 -0.508936 -3.275353 
3.985000 -3.572166 -0.516769 -3.274728 
3.990000 -3.589639 -0.524648 -3.274024 
3.995000 -3.607047 -0.532574 -3.273240 
4.000000 -3.624389 -0.540544 -3.272376 
4.005000 -3.641665 -0.548560 -3.271431 
4.010000 -3.658876 -0.556619 -3.270405 
4.015000 -3.676019 -0.564722 -3.269295 
4.020000 -3.693096 -0.572868 -3.268102 
4.025000 -3.710105 -0.581056 -3.266825 
4.030000 -3.727046 -0.589285 -3.265463 
4.035000 -3.743920 -0.597554 -3.264015 
4.040000 -3.760725 -0.605864 -3.262482 
4.045000 -3.777461 -0.614213 -3.260861 
4.050000 -3.794128 -0.622600 -3.259152 
4.055000 -3.810726 -0.631025 -3.257356 
4.060000 -3.827253 -0.639488 -3.255470 
4.065000 -3.843711 -0.647986 -3.253494 
4.070000 -3.860097 -0.656521 -3.251428 
4.075000 -3.876413 -0.665090 -3.249271 
4.080000 -3.892658 -0.673693 -3.247023 
4.085000 -3.908830 -0.682330 -3.244682 
4.090000 -3.924931 -0.690999 -3.242249 
4.095000 -3.940959 -0.699701 -3.239722 
4.100000 -3.956914 -0.708433 -3.237100 
4.105000 -3.972796 -0.717196 -3.234385 
4.110000 -3.988605 -0.725988 -3.231574 
4.115000 -4.004339 -0.734809 -3.228667 
4.120000 -4.020000 -0.743658 -3.225663 
4.125000 -4.035585 -0.752534 -3.222563 
4.130000 -4.051096 -0.761437 -3.219365 
4.135000 -4.066531 -0.770365 -3.216069 
4.140000 -4.081891 -0.779318 -3.212675 
4.145000 -4.097174 -0.788294 -3.209182 
4.150000 -4.112381 -0.797295 -3.205589 
4.155000 -4.127511 -0.806317 -3.201896 
4.160000 -4.142564 -0.815361 -3.198102 
4.165000 -4.157540 -0.824426 -3.194207 
4.170000 -4.172437 -0.833510 -3.190211 
4.175000 -4.187256 -0.842614 -3.186113 
4.180000 -4.201997 -0.851736 -3.181912 
4.185000 -4.216658 -0.860875 -3.177609 
4.190000 -4.231240 -0.870031 -3.173202 
4.195000 -4.245742 -0.879202 -3.168692 
4.200000 -4.260165 -0.888389 -3.164077 
4.205000 -4.274506 -0.897589 -3.159358 
4.210000 -4.288767 -0.906803 -3.154534 
4.215000 -4.302947 -0.916029 -3.149604 
4.220000 -4.317045 -0.925266 -3.144569 
4.225000 -4.331061 -0.934514 -3.139428 
4.230000 -4.344995 -0.943772 -3.134181 
4.235000 -4.358846 -0.953039 -3.128827 
4.240000 -4.372615 -0.962314 -3.123366 
4.245000 -4.386299 -0.971596 -3.117797 
4.250000 -4.399900 -0.980885 -3.112121 
4.255000 -4.413417 -0.990179 -3.106337 
4.260000 -4.426850 -0.999478 -3.100444 
4.265000 -4.440198 -1.008780 -3.094443 
4.270000 -4.453460 -1.018086 -3.088333 
4.275000 -4.466637 -1.027393 -3.082114 
4.280000 -4.479728 -1.036702 -3.075785 
4.285000 -4.492733 -1.046011 -3.069347 
4.290000 -4.505651 -1.055319 -3.062800 
4.295000 -4.518482 -1.064626 -3.056142 
4.300000 -4.531226 -1.073931 -3.049373 
4.305000 -4.543881 -1.083233 -3.042495 
4.310000 -4.556449 -1.092531 -3.035505 
4.315000 -4.568929 -1.101824 -3.028405 
4.320000 -4.581319 -1.111111 -3.021194 
4.325000 -4.593621 -1.120392 -3.013871 
4.330000 -4.605832 -1.129665 -3.006438 
4.335000 -4.617954 -1.138930 -2.998892 
4.340000 -4.629986 -1.148186 -2.991235 
4.345000 -4.641927 -1.157432 -2.983466 
4.350000 -4.653777 -1.166667 -2.975586 
4.355000 -4.665535 -1.175891 -2.967593 
4.360000 -4.677202 -1.185102 -2.959488 
4.365000 -4.688777 -1.194299 -2.951272 
4.370000 -4.700259 -1.203482 -2.942942 
4.375000 -4.711648 -1.212651 -2.934501 
4.380000 -4.722945 -1.221803 -2.925947 
4.385000 -4.734147 -1.230938 -2.917281 
4.390000 -4.745256 -1.240056 -2.908502 
4.395000 -4.756270 -1.249155 -2.899610 
4.400000 -4.767190 -1.258235 -2.890606 
4.405000 -4.778015 -1.267295 -2.881490 
4.410000 -4.788744 -1.276334 -2.872261 
4.415000 -4.799378 -1.285352 -2.862919 
4.420000 -4.809916 -1.294346 -2.853465 
4.425000 -4.820357 -1.303317 -2.843899 
4.430000 -4.830701 -1.312264 -2.834220 
4.435000 -4.840948 -1.321186 -2.824428 
4.440000 -4.851098 -1.330081 -2.814524 
4.445000 -4.861149 -1.338950 -2.804508 
4.450000 -4.871102 -1.347792 -2.794379 
4.455000 -4.880957 -1.356605 -2.784139 
4.460000 -4.890712 -1.365389 -2.773786 
4.465000 -4.900369 -1.374143 -2.763321 
4.470000 -4.909925 -1.382867 -2.752745 
4.475000 -4.919381 -1.391558 -2.742056 
4.480000 -4.928737 -1.400218 -2.731256 
4.485000 -4.937992 -1.408844 -2.720344 
4.490000 -4.947145 -1.417437 -2.709321 
4.495000 -4.956198 -1.425994 -2.698187 
4.500000 -4.965148 -1.434517 -2.686942 
4.505000 -4.973995 -1.443003 -2.675585 
4.510000 -4.982741 -1.451452 -2.664118 
4.515000 -4.991383 -1.459863 -2.652541 
4.520000 -4.999921 -1.468236 -2.640853 
4.525000 -5.008356 -1.476569 -2.629055 
4.530000 -5.016687 -1.484863 -2.617147 
4.535000 -5.024913 -1.493116 -2.605129 
4.540000 -5.033034 -1.501327 -2.593002 
4.545000 -5.041050 -1.509496 -2.580765 
4.550000 -5.048960 -1.517622 -2.568419 
4.555000 -5.056764 -1.525704 -2.555965 
4.560000 -5.064462 -1.533742 -2.543402 
4.565000 -5.072053 -1.541734 -2.530731 
4.570000 -5.079538 -1.549681 -2.517952 
4.575000 -5.086914 -1.557581 -2.505065 
4.580000 -5.094183 -1.565434 -2.492071 
4.585000 -5.101343 -1.573239 -2.478969 
4.590000 -5.108395 -1.580996 -2.465761 
4.595000 -5.115338 -1.588703 -2.452446 
4.600000 -5.122172 -1.596359 -2.439025 
4.605000 -5.128896 -1.603966 -2.425499 
4.610000 -5.135510 -1.611520 -2.411866 
4.615000 -5.142014 -1.619023 -2.398129 
4.620000 -5.148406 -1.626473 -2.384287 
4.625000 -5.154688 -1.633869 -2.370340 
4.630000 -5.160858 -1.641212 -2.356290 
4.635000 -5.166916 -1.648499 -2.342135 
4.640000 -5.172862 -1.655732 -2.327878 
4.645000 -5.178695 -1.662908 -2.313517 
4.650000 -5.184416 -1.670028 -2.299054 
4.655000 -5.190023 -1.677091 -2.284489 
4.660000 -5.195516 -1.684095 -2.269822 
4.665000 -5.200895 -1.691042 -2.255054 
4.670000 -5.206159 -1.697929 -2.240185 
4.675000 -5.211309 -1.704756 -2.225215 
4.680000 -5.216343 -1.711523 -2.210146 
4.685000 -5.221262 -1.718230 -2.194977 
4.690000 -5.226065 -1.724875 -2.179709 
4.695000 -5.230752 -1.731458 -2.164343 
4.700000 -5.235322 -1.737978 -2.148878 
4.705000 -5.239775 -1.744435 -2.133316 
4.710000 -5.244110 -1.750828 -2.117657 
4.715000 -5.248328 -1.757157 -2.101901 
4.720000 -5.252427 -1.763421 -2.086049 
4.725000 -5.256408 -1.769620 -2.070101 
4.730000 -5.260270 -1.775753 -2.054058 
4.735000 -5.264013 -1.781819 -2.037921 
4.740000 -5.267636 -1.787818 -2.021689 
4.745000 -5.271139 -1.793750 -2.005364 
4.750000 -5.274522 -1.799614 -1.988946 
4.755000 -5.277784 -1.805409 -1.972435 
4.760000 -5.280925 -1.811135 -1.955833 
4.765000 -5.283945 -1.816792 -1.939139 
4.770000 -5.286843 -1.822378 -1.922355 
4.775000 -5.289618 -1.827894 -1.905480 
4.780000 -5.292271 -1.833339 -1.888516 
4.785000 -5.294801 -1.838713 -1.871463 
4.790000 -5.297208 -1.844014 -1.854321 
4.795000 -5.299491 -1.849244 -1.837092 
4.800000 -5.301650 -1.854400 -1.819775 
4.805000 -5.303685 -1.859483 -1.802372 
4.810000 -5.305595 -1.864493 -1.784883 
4.815000 -5.307380 -1.869428 -1.767308 
4.820000 -5.309040 -1.874288 -1.749649 
4.825000 -5.310573 -1.879074 -1.731906 
4.830000 -5.311981 -1.883784 -1.714079 
4.835000 -5.313262 -1.888418 -1.696170 
4.840000 -5.314416 -1.892977 -1.678178 
4.845000 -5.315443 -1.897458 -1.660105 
4.850000 -5.316343 -1.901862 -1.641952 
4.855000 -5.317114 -1.906189 -1.623718 
4.860000 -5.317757 -1.910438 -1.605405 
4.865000 -5.318272 -1.914609 -1.587013 
4.870000 -5.318657 -1.918702 -1.568543 
4.875000 -5.318913 -1.922715 -1.549996 
4.880000 -5.319040 -1.926650 -1.531373 
4.885000 -5.319036 -1.930504 -1.512673 
4.890000 -5.318902 -1.934279 -1.493899 
4.895000 -5.318638 -1.937974 -1.475049 
4.900000 -5.318242 -1.941587 -1.456127 
4.905000 -5.317715 -1.945120 -1.437131 
4.910000 -5.317055 -1.948572 -1.418063 
4.915000 -5.316264 -1.951942 -1.398924 
4.920000 -5.315341 -1.955231 -1.379714 
4.925000 -5.314284 -1.958437 -1.360434 
4.930000 -5.313095 -1.961561 -1.341085 
4.935000 -5.311772 -1.964602 -1.321667 
4.940000 -5.310315 -1.967560 -1.302182 
4.945000 -5.308724 -1.970434 -1.282630 
4.950000 -5.306998 -1.973226 -1.263012 
4.955000 -5.305138 -1.975933 -1.243329 
4.960000 -5.303143 -1.978556 -1.223582 
4.965000 -5.301012 -1.981095 -1.203770 
4.970000 -5.298745 -1.983550 -1.183896 
4.975000 -5.296342 -1.985920 -1.163961 
4.980000 -5.293803 -1.988204 -1.143963 
4.985000 -5.291127 -1.990404 -1.123906 
4.990000 -5.288314 -1.992518 -1.103789 
4.995000 -5.285363 -1.994547 -1.083614 
5.000000 -5.282275 -1.996489 -1.063380 
5.005000 -5.279049 -1.998346 -1.043090 
5.010000 -5.275684 -2.000116 -1.022744 
5.015000 -5.272181 -2.001800 -1.002342 
5.020000 -5.268539 -2.003397 -0.981887 
5.025000 -5.264757 -2.004908 -0.961377 
5.030000 -5.260836 -2.006331 -0.940816 
5.035000 -5.256776 -2.007668 -0.920202 
5.040000 -5.252575 -2.008917 -0.899538 
5.045000 -5.248233 -2.010079 -0.878823 
5.050000 -5.243751 -2.011153 -0.858060 
5.055000 -5.239128 -2.012140 -0.837249 
5.060000 -5.234363 -2.013038 -0.816390 
5.065000 -5.229457 -2.013849 -0.795486 
5.070000 -5.224409 -2.014572 -0.774536 
5.075000 -5.219218 -2.015206 -0.753541 
5.080000 -5.213886 -2.015753 -0.732503 
5.085000 -5.208410 -2.016211 -0.711423 
5.090000 -5.202792 -2.016580 -0.690301 
5.095000 -5.197030 -2.016861 -0.669138 
5.100000 -5.191125 -2.017053 -0.647936 
5.105000 -5.185076 -2.017156 -0.626695 
5.110000 -5.178883 -2.017171 -0.605416 
5.115000 -5.172545 -2.017096 -0.584100 
5.120000 -5.166063 -2.016933 -0.562749 
5.125000 -5.159437 -2.016681 -0.541362 
5.130000 -5.152665 -2.016339 -0.519942 
5.135000 -5.145748 -2.015909 -0.498489 
5.140000 -5.138685 -2.015389 -0.477005 
5.145000 -5.131477 -2.014781 -0.455489 
5.150000 -5.124122 -2.014083 -0.433943 
5.155000 -5.116622 -2.013295 -0.412369 
5.160000 -5.108975 -2.012419 -0.390767 
5.165000 -5.101181 -2.011453 -0.369138 
5.170000 -5.093241 -2.010398 -0.347483 
5.175000 -5.085153 -2.009254 -0.325803 
5.180000 -5.076918 -2.008021 -0.304100 
5.185000 -5.068536 -2.006698 -0.282374 
5.190000 -5.060005 -2.005286 -0.260626 
5.195000 -5.051327 -2.003785 -0.238858 
5.200000 -5.042501 -2.002195 -0.217070 
5.205000 -5.033527 -2.000515 -0.195264 
5.210000 -5.024404 -1.998747 -0.173440 
5.215000 -5.015133 -1.996889 -0.151600 
5.220000 -5.005713 -1.994942 -0.129745 
5.225000 -4.996143 -1.992907 -0.107875 
5.230000 -4.986425 -1.990782 -0.085992 
5.235000 -4.976558 -1.988569 -0.064097 
5.240000 -4.966541 -1.986267 -0.042191 
5.245000 -4.956374 -1.983876 -0.020275 
5.250000 -4.946058 -1.981396 0.001649 
5.255000 -4.935592 -1.978828 0.023581 
5.260000 -4.924976 -1.976172 0.045520 
5.265000 -4.914209 -1.973427 0.067465 
5.270000 -4.903293 -1.970594 0.089414 
5.275000 -4.892226 -1.967672 0.111366 
5.280000 -4.881009 -1.964663 0.133320 
5.285000 -4.869641 -1.961566 0.155275 
5.290000 -4.858123 -1.958381 0.177230 
5.295000 -4.846454 -1.955108 0.199184 
5.300000 -4.834634 -1.951748 0.221136 
5.305000 -4.822663 -1.948300 0.243084 
5.310000 -4.810541 -1.944765 0.265028 
5.315000 -4.798268 -1.941142 0.286965 
5.320000 -4.785844 -1.937433 0.308896 
5.325000 -4.773269 -1.933637 0.330819 
5.330000 -4.760542 -1.929754 0.352732 
5.335000 -4.747665 -1.925785 0.374636 
5.340000 -4.734636 -1.921729 0.396527 
5.345000 -4.721455 -1.917587 0.418406 
5.350000 -4.708124 -1.913359 0.440271 
5.355000 -4.694641 -1.909045 0.462121 
5.360000 -4.681007 -1.904646 0.483955 
5.365000 -4.667221 -1.900161 0.505771 
5.370000 -4.653284 -1.895591 0.527569 
5.375000 -4.639195 -1.890935 0.549347 
5.380000 -4.624955 -1.886195 0.571104 
5.385000 -4.610564 -1.881370 0.592839 
5.390000 -4.596022 -1.876461 0.614550 
5.395000 -4.581328 -1.871468 0.636237 
5.400000 -4.566484 -1.866390 0.657899 
5.405000 -4.551488 -1.861229 0.679533 
5.410000 -4.536341 -1.855984 0.701139 
5.415000 -4.521043 -1.850655 0.722716 
5.420000 -4.505594 -1.845244 0.744263 
5.425000 -4.489994 -1.839750 0.765778 
5.430000 -4.474243 -1.834173 0.787260 
5.435000 -4.458342 -1.828514 0.808707 
5.440000 -4.442291 -1.822772 0.830120 
5.445000 -4.426089 -1.816949 0.851495 
5.450000 -4.409736 -1.811044 0.872833 
5.455000 -4.393234 -1.805058 0.894132 
5.460000 -4.376581 -1.798991 0.915391 
5.465000 -4.359779 -1.792843 0.936608 
5.470000 -4.342827 -1.786614 0.957783 
5.475000 -4.325725 -1.780306 0.978913 
5.480000 -4.308474 -1.773917 0.999999 
5.485000 -4.291074 -1.767449 1.021038 
5.490000 -4.273525 -1.760901 1.042029 
5.495000 -4.255827 -1.754274 1.062972 
5.500000 -4.237981 -1.747569 1.083865 
5.505000 -4.219986 -1.740785 1.104706 
5.510000 -4.201843 -1.733923 1.125495 
5.515000 -4.183553 -1.726983 1.146230 
5.520000 -4.165114 -1.719965 1.166910 
5.525000 -4.146528 -1.712871 1.187534 
5.530000 -4.127796 -1.705699 1.208100 
5.535000 -4.108916 -1.698451 1.228608 
5.540000 -4.089890 -1.691127 1.249056 
5.545000 -4.070717 -1.683727 1.269442 
5.550000 -4.051399 -1.676251 1.289766 
5.555000 -4.031935 -1.668700 1.310027 
5.560000 -4.012326 -1.661074 1.330223 
5.565000 -3.992571 -1.653374 1.350352 
5.570000 -3.972672 -1.645599 1.370414 
5.575000 -3.952629 -1.637751 1.390408 
5.580000 -3.932442 -1.629830 1.410332 
5.585000 -3.912111 -1.621835 1.430185 
5.590000 -3.891637 -1.613767 1.449965 
5.595000 -3.871021 -1.605628 1.469672 
5.600000 -3.850261 -1.597416 1.489304 
5.605000 -3.829360 -1.589132 1.508860 
5.610000 -3.808318 -1.580778 1.528339 
5.615000 -3.787134 -1.572352 1.547740 
5.620000 -3.765809 -1.563856 1.567061 
5.625000 -3.744344 -1.555290 1.586301 
5.630000 -3.722740 -1.546655 1.605459 
5.635000 -3.700996 -1.537950 1.624533 
5.640000 -3.679113 -1.529176 1.643523 
5.645000 -3.657092 -1.520334 1.662427 
5.650000 -3.634933 -1.511423 1.681245 
5.655000 -3.612637 -1.502445 1.699974 
5.660000 -3.590203 -1.493400 1.718613 
5.665000 -3.567634 -1.484288 1.737162 
5.670000 -3.544929 -1.475109 1.755620 
5.675000 -3.522088 -1.465865 1.773984 
5.680000 -3.499113 -1.456555 1.792254 
5.685000 -3.476004 -1.447179 1.810428 
5.690000 -3.452762 -1.437739 1.828506 
5.695000 -3.429386 -1.428235 1.846486 
5.700000 -3.405878 -1.418667 1.864367 
5.705000 -3.382239 -1.409035 1.882148 
5.710000 -3.358468 -1.399340 1.899828 
5.715000 -3.334567 -1.389583 1.917405 
5.720000 -3.310536 -1.379764 1.934878 
5.725000 -3.286376 -1.369883 1.952246 
5.730000 -3.262088 -1.359940 1.969509 
5.735000 -3.237672 -1.349937 1.986664 
5.740000 -3.213129 -1.339874 2.003711 
5.745000 -3.188459 -1.329751 2.020648 
5.750000 -3.163664 -1.319568 2.037474 
5.755000 -3.138743 -1.309327 2.054189 
5.760000 -3.113699 -1.299027 2.070791 
5.765000 -3.088531 -1.288669 2.087279 
5.770000 -3.063240 -1.278253 2.103651 
5.775000 -3.037827 -1.267780 2.119908 
5.780000 -3.012293 -1.257251 2.136046 
5.785000 -2.986638 -1.246666 2.152066 
5.790000 -2.960864 -1.236025 2.167967 
5.795000 -2.934971 -1.225329 2.183747 
5.800000 -2.908960 -1.214578 2.199405 
5.805000 -2.882832 -1.203773 2.214940 
5.810000 -2.856587 -1.192915 2.230350 
5.815000 -2.830227 -1.182003 2.245636 
5.820000 -2.803752 -1.171039 2.260796 
5.825000 -2.777163 -1.160022 2.275828 
5.830000 -2.750462 -1.148954 2.290732 
5.835000 -2.723648 -1.137834 2.305507 
5.840000 -2.696723 -1.126664 2.320151 
5.845000 -2.669687 -1.115443 2.334664 
5.850000 -2.642543 -1.104173 2.349044 
5.855000 -2.615290 -1.092853 2.363291 
5.860000 -2.587929 -1.081485 2.377404 
5.865000 -2.560462 -1.070069 2.391381 
5.870000 -2.532889 -1.058605 2.405221 
5.875000 -2.505212 -1.047094 2.418924 
5.880000 -2.477430 -1.035536 2.432488 
5.885000 -2.449547 -1.023933 2.445913 
5.890000 -2.421561 -1.012283 2.459198 
5.895000 -2.393475 -1.000589 2.472341 
5.900000 -2.365289 -0.988850 2.485342 
5.905000 -2.337004 -0.977067 2.498199 
5.910000 -2.308622 -0.965241 2.510913 
5.915000 -2.280143 -0.953371 2.523481 
5.920000 -2.251568 -0.941460 2.535903 
5.925000 -2.222899 -0.929506 2.548178 
5.930000 -2.194137 -0.917511 2.560305 
5.935000 -2.165282 -0.905475 2.572284 
5.940000 -2.136336 -0.893399 2.584113 
5.945000 -2.107300 -0.881283 2.595791 
5.950000 -2.078174 -0.869128 2.607318 
5.955000 -2.048961 -0.856935 2.618693 
5.960000 -2.019661 -0.844703 2.629915 
5.965000 -1.990275 -0.832434 2.640983 
5.970000 -1.960804 -0.820128 2.651896 
5.975000 -1.931250 -0.807785 2.662654 
5.980000 -1.901614 -0.795407 2.673256 
5.985000 -1.871897 -0.782993 2.683700 
5.990000 -1.842099 -0.770544 2.693986 
5.995000 -1.812223 -0.758061 2.704114 
6.000000 -1.782269 -0.745545 2.714083 
6.005000 -1.752239 -0.732995 2.723891 
6.010000 -1.722134 -0.720413 2.733538 
6.015000 -1.691954 -0.707799 2.743024 
6.020000 -1.661702 -0.695153 2.752348 
6.025000 -1.631378 -0.682477 2.761508 
6.030000 -1.600984 -0.669770 2.770505 
6.035000 -1.570521 -0.657034 2.779338 
6.040000 -1.539990 -0.644268 2.788005 
6.045000 -1.509392 -0.631474 2.796507 
6.050000 -1.478729 -0.618652 2.804842 
6.055000 -1.448002 -0.605802 2.813010 
6.060000 -1.417212 -0.592925 2.821011 
6.065000 -1.386361 -0.580023 2.828843 
6.070000 -1.355449 -0.567094 2.836507 
6.075000 -1.324478 -0.554140 2.844001 
6.080000 -1.293450 -0.541162 2.851326 
6.085000 -1.262365 -0.528160 2.858479 
6.090000 -1.231225 -0.515134 2.865462 
6.095000 -1.200032 -0.502085 2.872273 
6.100000 -1.168786 -0.489014 2.878912 
6.105000 -1.137489 -0.475922 2.885379 
6.110000 -1.106142 -0.462808 2.891672 
6.115000 -1.074747 -0.449674 2.897792 
6.120000 -1.043305 -0.436520 2.903737 
6.125000 -1.011817 -0.423347 2.909508 
6.130000 -0.980284 -0.410154 2.915104 
6.135000 -0.948709 -0.396944 2.920525 
6.140000 -0.917092 -0.383716 2.925769 
6.145000 -0.885434 -0.370471 2.930838 
6.150000 -0.853738 -0.357210 2.935730 
6.155000 -0.822004 -0.343932 2.940445 
6.160000 -0.790233 -0.330640 2.944982 
6.165000 -0.758428 -0.317333 2.949342 
6.170000 -0.726590 -0.304012 2.953524 
6.175000 -0.694720 -0.290677 2.957527 
6.180000 -0.662818 -0.277329 2.961352 
6.185000 -0.630888 -0.263969 2.964997 
6.190000 -0.598930 -0.250598 2.968464 
6.195000 -0.566945 -0.237215 2.971750 
6.200000 -0.534935 -0.223822 2.974857 
6.205000 -0.502902 -0.210419 2.977784 
6.210000 -0.470846 -0.197007 2.980531 
6.215000 -0.438770 -0.183586 2.983097 
6.220000 -0.406674 -0.170156 2.985483 
6.225000 -0.374560 -0.156720 2.987688 
6.230000 -0.342430 -0.143276 2.989711 
6.235000 -0.310284 -0.129826 2.991554 
6.240000 -0.278124 -0.116370 2.993215 
6.245000 -0.245953 -0.102909 2.994695 
6.250000 -0.213770 -0.089444 2.995993 
6.255000 -0.181578 -0.075974 2.997109 
6.260000 -0.149378 -0.062501 2.998044 
6.265000 -0.117171 -0.049026 2.998796 
6.270000 -0.084959 -0.035548 2.999367 
6.275000 -0.052744 -0.022068 2.999756 
6.280000 -0.020525 -0.008588 2.999963 
6.285000 0.011694 0.004893 2.999988 
6.290000 0.043912 0.018373 2.999831 
6.295000 0.076128 0.031853 2.999492 
6.300000 0.108342 0.045331 2.998971 
6.305000 0.140550 0.058807 2.998268 
6.310000 0.172752 0.072281 2.997383 
6.315000 0.204946 0.085752 2.996317 
6.320000 0.237132 0.099218 2.995068 
6.325000 0.269307 0.112681 2.993639 
6.330000 0.301470 0.126138 2.992027 
6.335000 0.333619 0.139590 2.990234 
6.340000 0.365754 0.153035 2.988260 
6.345000 0.397872 0.166474 2.986105 
6.350000 0.429973 0.179905 2.983769 
6.355000 0.462055 0.193329 2.981253 
6.360000 0.494117 0.206743 2.978555 
6.365000 0.526157 0.220149 2.975678 
6.370000 0.558173 0.233545 2.972620 
6.375000 0.590165 0.246931 2.969382 
6.380000 0.622130 0.260305 2.965965 
6.385000 0.654068 0.273668 2.962369 
6.390000 0.685978 0.287019 2.958593 
6.395000 0.717857 0.300357 2.954639 
6.400000 0.749704 0.313682 2.950506 
6.405000 0.781518 0.326993 2.946195 
6.410000 0.813298 0.340290 2.941706 
6.415000 0.845042 0.353572 2.937040 
6.420000 0.876749 0.366837 2.932196 
6.425000 0.908417 0.380087 2.927176 
6.430000 0.940046 0.393320 2.921980 
6.435000 0.971633 0.406535 2.916607 
6.440000 1.003177 0.419732 2.911059 
6.445000 1.034678 0.432911 2.905336 
6.450000 1.066133 0.446070 2.899439 
6.455000 1.097541 0.459210 2.893367 
6.460000 1.128901 0.472329 2.887121 
6.465000 1.160212 0.485428 2.880702 
6.470000 1.191472 0.498504 2.874110 
6.475000 1.222680 0.511559 2.867346 
6.480000 1.253835 0.524591 2.860411 
6.485000 1.284934 0.537600 2.853304 
6.490000 1.315978 0.550585 2.846026 
6.495000 1.346965 0.563546 2.838578 
6.500000 1.377893 0.576481 2.830961 
6.505000 1.408761 0.589391 2.823175 
6.510000 1.439568 0.602275 2.815220 
6.515000 1.470313 0.615132 2.807098 
6.520000 1.500993 0.627962 2.798808 
6.525000 1.531609 0.640764 2.790352 
6.530000 1.562159 0.653537 2.781730 
6.535000 1.592640 0.666282 2.772943 
6.540000 1.623054 0.678997 2.763991 
6.545000 1.653397 0.691682 2.754875 
6.550000 1.683669 0.704336 2.745596 
6.555000 1.713868 0.716958 2.736155 
6.560000 1.743994 0.729549 2.726552 
6.565000 1.774045 0.742108 2.716787 
6.570000 1.804020 0.754634 2.706863 
6.575000 1.833917 0.767126 2.696778 
6.580000 1.863737 0.779584 2.686535 
6.585000 1.893476 0.792007 2.676134 
6.590000 1.923135 0.804396 2.665576 
6.595000 1.952711 0.816748 2.654861 
6.600000 1.982205 0.829064 2.643990 
6.605000 2.011614 0.841344 2.632964 
6.610000 2.040938 0.853586 2.621785 
6.615000 2.070175 0.865790 2.610452 
6.620000 2.099325 0.877955 2.598966 
6.625000 2.128385 0.890082 2.587329 
6.630000 2.157356 0.902169 2.575541 
6.635000 2.186236 0.914216 2.563604 
6.640000 2.215024 0.926222 2.551517 
6.645000 2.243719 0.938187 2.539282 
6.650000 2.272319 0.950110 2.526900 
6.655000 2.300825 0.961991 2.514372 
6.660000 2.329233 0.973829 2.501699 
6.665000 2.357545 0.985624 2.488881 
6.670000 2.385758 0.997375 2.475919 
6.675000 2.413872 1.009082 2.462815 
6.680000 2.441885 1.020744 2.449569 
6.685000 2.469797 1.032360 2.436182 
6.690000 2.497606 1.043931 2.422656 
6.695000 2.525312 1.055454 2.408991 
6.700000 2.552914 1.066931 2.395188 
6.705000 2.580410 1.078361 2.381249 
6.710000 2.607800 1.089742 2.367173 
6.715000 2.635083 1.101075 2.352963 
6.720000 2.662257 1.112359 2.338619 
6.725000 2.689323 1.123593 2.324143 
6.730000 2.716278 1.134777 2.309534 
6.735000 2.743122 1.145910 2.294795 
6.740000 2.769855 1.156993 2.279927 
6.745000 2.796475 1.168024 2.264929 
6.750000 2.822981 1.179003 2.249804 
6.755000 2.849373 1.189929 2.234553 
6.760000 2.875649 1.200802 2.219176 
6.765000 2.901809 1.211622 2.203675 
6.770000 2.927853 1.222387 2.188051 
6.775000 2.953778 1.233099 2.172305 
6.780000 2.979585 1.243755 2.156437 
6.785000 3.005272 1.254355 2.140450 
6.790000 3.030840 1.264900 2.124343 
6.795000 3.056286 1.275388 2.108119 
6.800000 3.081610 1.285819 2.091778 
6.805000 3.106812 1.296193 2.075322 
6.810000 3.131890 1.306509 2.058751 
6.815000 3.156845 1.316767 2.042068 
6.820000 3.181675 1.326965 2.025271 
6.825000 3.206379 1.337105 2.008364 
6.830000 3.230957 1.347185 1.991348 
6.835000 3.255408 1.357204 1.974222 
6.840000 3.279731 1.367163 1.956989 
6.845000 3.303926 1.377061 1.939650 
6.850000 3.327993 1.386897 1.922205 
6.855000 3.351929 1.396672 1.904656 
6.860000 3.375736 1.406384 1.887005 
6.865000 3.399411 1.416033 1.869251 
6.870000 3.422955 1.425618 1.851398 
6.875000 3.446367 1.435140 1.833445 
6.880000 3.469646 1.444598 1.815393 
6.885000 3.492792 1.453991 1.797245 
6.890000 3.515804 1.463319 1.779001 
6.895000 3.538681 1.472582 1.760663 
6.900000 3.561424 1.481779 1.742231 
6.905000 3.584030 1.490909 1.723707 
6.910000 3.606501 1.499973 1.705092 
6.915000 3.628835 1.508969 1.686388 
6.920000 3.651031 1.517898 1.667594 
6.925000 3.673090 1.526759 1.648714 
6.930000 3.695011 1.535552 1.629747 
6.935000 3.716793 1.544275 1.610696 
6.940000 3.738436 1.552930 1.591561 
6.945000 3.759939 1.561515 1.572343 
6.950000 3.781302 1.570030 1.553044 
6.955000 3.802525 1.578475 1.533665 
6.960000 3.823606 1.586849 1.514208 
6.965000 3.844546 1.595152 1.494673 
6.970000 3.865344 1.603384 1.475061 
6.975000 3.886000 1.611543 1.455375 
6.980000 3.906513 1.619631 1.435614 
6.985000 3.926883 1.627645 1.415781 
6.990000 3.947110 1.635587 1.395877 
6.995000 3.967192 1.643455 1.375902 
7.000000 3.987131 1.651250 1.355858 
7.005000 4.006925 1.658971 1.335747 
7.010000 4.026574 1.666617 1.315570 
7.015000 4.046078 1.674188 1.295327 
7.020000 4.065436 1.681685 1.275020 
7.025000 4.084649 1.689106 1.254650 
7.030000 4.103715 1.696451 1.234219 
7.035000 4.122635 1.703720 1.213728 
7.040000 4.141408 1.710912 1.193177 
7.045000 4.160034 1.718028 1.172569 
7.050000 4.178513 1.725067 1.151904 
7.055000 4.196844 1.732028 1.131184 
7.060000 4.215027 1.738911 1.110410 
7.065000 4.233063 1.745717 1.089583 
7.070000 4.250950 1.752444 1.068704 
7.075000 4.268688 1.759092 1.047775 
7.080000 4.286278 1.765662 1.026797 
7.085000 4.303719 1.772152 1.005771 
7.090000 4.321011 1.778562 0.984698 
7.095000 4.338154 1.784893 0.963579 
7.100000 4.355147 1.791143 0.942417 
7.105000 4.371990 1.797313 0.921211 
7.110000 4.388684 1.803403 0.899964 
7.115000 4.405227 1.809411 0.878676 
7.120000 4.421621 1.815338 0.857348 
7.125000 4.437864 1.821184 0.835983 
7.130000 4.453957 1.826948 0.814580 
7.135000 4.469900 1.832630 0.793142 
7.140000 4.485691 1.838229 0.771670 
7.145000 4.501332 1.843746 0.750164 
7.150000 4.516823 1.849180 0.728626 
7.155000 4.532162 1.854531 0.707057 
7.160000 4.547350 1.859799 0.685459 
7.165000 4.562388 1.864983 0.663832 
7.170000 4.577274 1.870084 0.642178 
7.175000 4.592009 1.875101 0.620498 
7.180000 4.606593 1.880033 0.598793 
7.185000 4.621026 1.884881 0.577064 
7.190000 4.635307 1.889645 0.555313 
7.195000 4.649437 1.894323 0.533541 
7.200000 4.663415 1.898917 0.511748 
7.205000 4.677243 1.903425 0.489937 
7.210000 4.690918 1.907848 0.468108 
7.215000 4.704443 1.912185 0.446262 
7.220000 4.717816 1.916437 0.424401 
7.225000 4.731038 1.920602 0.402526 
7.230000 4.744108 1.924682 0.380638 
7.235000 4.757027 1.928675 0.358738 
7.240000 4.769795 1.932581 0.336827 
7.245000 4.782412 1.936401 0.314907 
7.250000 4.794877 1.940134 0.292978 
7.255000 4.807192 1.943780 0.271042 
7.260000 4.819355 1.947339 0.249100 
7.265000 4.831367 1.950811 0.227153 
7.270000 4.843229 1.954195 0.205202 
7.275000 4.854939 1.957492 0.183249 
7.280000 4.866499 1.960701 0.161294 
7.285000 4.877908 1.963823 0.139338 
7.290000 4.889166 1.966856 0.117384 
7.295000 4.900274 1.969802 0.095431 
7.300000 4.911232 1.972659 0.073481 
7.305000 4.922039 1.975428 0.051535 
7.310000 4.932697 1.978109 0.029595 
7.315000 4.943204 1.980701 0.007661 
7.320000 4.953561 1.983205 -0.014266 
7.325000 4.963769 1.985620 -0.036185 
7.330000 4.973827 1.987947 -0.058093 
7.335000 4.983735 1.990184 -0.079991 
7.340000 4.993494 1.992333 -0.101878 
7.345000 5.003104 1.994393 -0.123751 
7.350000 5.012565 1.996364 -0.145610 
7.355000 5.021878 1.998246 -0.167455 
7.360000 5.031041 2.000039 -0.189283 
7.365000 5.040056 2.001743 -0.211094 
7.370000 5.048923 2.003358 -0.232887 
7.375000 5.057641 2.004884 -0.254661 
7.380000 5.066212 2.006320 -0.276415 
7.385000 5.074635 2.007667 -0.298147 
7.390000 5.082910 2.008925 -0.319856 
7.395000 5.091038 2.010094 -0.341543 
7.400000 5.099019 2.011173 -0.363204 
7.405000 5.106853 2.012163 -0.384840 
7.410000 5.114540 2.013064 -0.406450 
7.415000 5.122081 2.013876 -0.428032 
7.420000 5.129475 2.014598 -0.449586 
7.425000 5.136724 2.015231 -0.471110 
7.430000 5.143826 2.015775 -0.492603 
7.435000 5.150783 2.016230 -0.514065 
7.440000 5.157595 2.016596 -0.535494 
7.445000 5.164261 2.016873 -0.556890 
7.450000 5.170783 2.017060 -0.578251 
7.455000 5.177160 2.017159 -0.599576 
7.460000 5.183392 2.017169 -0.620865 
7.465000 5.189481 2.017090 -0.642117 
7.470000 5.195425 2.016922 -0.663330 
7.475000 5.201227 2.016666 -0.684504 
7.480000 5.206884 2.016321 -0.705637 
7.485000 5.212399 2.015887 -0.726729 
7.490000 5.217771 2.015365 -0.747779 
7.495000 5.223000 2.014755 -0.768785 
7.500000 5.228087 2.014056 -0.789747 
7.505000 5.233032 2.013269 -0.810665 
7.510000 5.237836 2.012395 -0.831536 
7.515000 5.242498 2.011432 -0.852360 
7.520000 5.247018 2.010382 -0.873137 
7.525000 5.251398 2.009244 -0.893864 
7.530000 5.255638 2.008019 -0.914542 
7.535000 5.259737 2.006706 -0.935170 
7.540000 5.263697 2.005307 -0.955746 
7.545000 5.267516 2.003820 -0.976270 
7.550000 5.271197 2.002247 -0.996740 
7.555000 5.274738 2.000586 -1.017157 
7.560000 5.278140 1.998840 -1.037518 
7.565000 5.281405 1.997007 -1.057824 
7.570000 5.284531 1.995088 -1.078073 
7.575000 5.287519 1.993083 -1.098264 
7.580000 5.290370 1.990992 -1.118397 
7.585000 5.293083 1.988816 -1.138471 
7.590000 5.295660 1.986554 -1.158485 
7.595000 5.298100 1.984208 -1.178438 
7.600000 5.300404 1.981777 -1.198329 
7.605000 5.302572 1.979261 -1.218157 
7.610000 5.304605 1.976660 -1.237922 
7.615000 5.306502 1.973976 -1.257623 
7.620000 5.308264 1.971208 -1.277259 
7.625000 5.309892 1.968356 -1.296829 
7.630000 5.311386 1.965421 -1.316333 
7.635000 5.312745 1.962402 -1.335769 
7.640000 5.313971 1.959301 -1.355137 
7.645000 5.315064 1.956118 -1.374436 
7.650000 5.316024 1.952852 -1.393665 
7.655000 5.316852 1.949504 -1.412824 
7.660000 5.317547 1.946075 -1.431911 
7.665000 5.318110 1.942564 -1.450927 
7.670000 5.318542 1.938972 -1.469870 
7.675000 5.318843 1.935300 -1.488739 
7.680000 5.319013 1.931547 -1.507534 
7.685000 5.319052 1.927714 -1.526254 
7.690000 5.318961 1.923802 -1.544899 
7.695000 5.318740 1.919810 -1.563467 
7.700000 5.318390 1.915739 -1.581958 
7.705000 5.317911 1.911590 -1.600371 
7.710000 5.317303 1.907362 -1.618706 
7.715000 5.316567 1.903056 -1.636961 
7.720000 5.315703 1.898673 -1.655137 
7.725000 5.314711 1.894213 -1.673232 
7.730000 5.313591 1.889676 -1.691246 
7.735000 5.312345 1.885062 -1.709178 
7.740000 5.310972 1.880373 -1.727027 
7.745000 5.309473 1.875608 -1.744794 
7.750000 5.307848 1.870768 -1.762476 
7.755000 5.306097 1.865853 -1.780074 
7.760000 5.304221 1.860864 -1.797586 
7.765000 5.302220 1.855801 -1.815013 
7.770000 5.300095 1.850665 -1.832353 
7.775000 5.297846 1.845455 -1.849607 
7.780000 5.295473 1.840173 -1.866773 
7.785000 5.292977 1.834819 -1.883850 
7.790000 5.290358 1.829394 -1.900839 
7.795000 5.287616 1.823897 -1.917738 
7.800000 5.284751 1.818330 -1.934547 
7.805000 5.281765 1.812693 -1.951266 
7.810000 5.278657 1.806985 -1.967893 
7.815000 5.275428 1.801209 -1.984429 
7.820000 5.272079 1.795364 -2.000873 
7.825000 5.268608 1.789451 -2.017223 
7.830000 5.265018 1.783470 -2.033481 
7.835000 5.261308 1.777422 -2.049644 
7.840000 5.257479 1.771307 -2.065713 
7.845000 5.253530 1.765127 -2.081687 
7.850000 5.249463 1.758881 -2.097565 
7.855000 5.245278 1.752569 -2.113347 
7.860000 5.240975 1.746194 -2.129033 
7.865000 5.236554 1.739754 -2.144622 
7.870000 5.232016 1.733251 -2.160114 
7.875000 5.227362 1.726685 -2.175507 
7.880000 5.222590 1.720057 -2.190802 
7.885000 5.217703 1.713368 -2.205998 
7.890000 5.212700 1.706617 -2.221095 
7.895000 5.207582 1.699806 -2.236091 
7.900000 5.202349 1.692935 -2.250988 
7.905000 5.197002 1.686005 -2.265784 
7.910000 5.191540 1.679017 -2.280478 
7.915000 5.185964 1.671970 -2.295072 
7.920000 5.180275 1.664866 -2.309563 
7.925000 5.174472 1.657705 -2.323951 
7.930000 5.168557 1.650488 -2.338237 
7.935000 5.162530 1.643215 -2.352420 
7.940000 5.156391 1.635887 -2.366499 
7.945000 5.150139 1.628506 -2.380474 
7.950000 5.143777 1.621070 -2.394345 
7.955000 5.137304 1.613582 -2.408111 
7.960000 5.130720 1.606042 -2.421772 
7.965000 5.124026 1.598449 -2.435328 
7.970000 5.117223 1.590806 -2.448778 
7.975000 5.110310 1.583113 -2.462122 
7.980000 5.103287 1.575370 -2.475359 
7.985000 5.096157 1.567579 -2.488490 
7.990000 5.088917 1.559739 -2.501513 
7.995000 5.081570 1.551852 -2.514430 
8.000000 5.074116 1.543917 -2.527239 
8.005000 5.066554 1.535937 -2.539939 
8.010000 5.058885 1.527912 -2.552532 
8.015000 5.051110 1.519842 -2.565016 
8.020000 5.043229 1.511728 -2.577392 
8.025000 5.035242 1.503570 -2.589658 
8.030000 5.027149 1.495371 -2.601815 
8.035000 5.018952 1.487129 -2.613863 
8.040000 5.010650 1.478847 -2.625801 
8.045000 5.002244 1.470524 -2.637630 
8.050000 4.993733 1.462162 -2.649348 
8.055000 4.985120 1.453761 -2.660956 
8.060000 4.976403 1.445322 -2.672453 
8.065000 4.967583 1.436846 -2.683840 
8.070000 4.958661 1.428334 -2.695115 
8.075000 4.949637 1.419786 -2.706280 
8.080000 4.940511 1.411203 -2.717334 
8.085000 4.931284 1.402586 -2.728276 
8.090000 4.921956 1.393935 -2.739107 
8.095000 4.912527 1.385252 -2.749826 
8.100000 4.902998 1.376538 -2.760433 
8.105000 4.893369 1.367792 -2.770928 
8.110000 4.883641 1.359016 -2.781312 
8.115000 4.873813 1.350211 -2.791583 
8.120000 4.863887 1.341377 -2.801743 
8.125000 4.853863 1.332515 -2.811790 
8.130000 4.843740 1.323627 -2.821724 
8.135000 4.833520 1.314712 -2.831547 
8.140000 4.823202 1.305772 -2.841257 
8.145000 4.812787 1.296808 -2.850854 
8.150000 4.802276 1.287819 -2.860339 
8.155000 4.791669 1.278808 -2.869712 
8.160000 4.780966 1.269775 -2.878971 
8.165000 4.770167 1.260721 -2.888119 
8.170000 4.759273 1.251646 -2.897153 
8.175000 4.748285 1.242552 -2.906076 
8.180000 4.737202 1.233439 -2.914885 
8.185000 4.726025 1.224309 -2.923582 
8.190000 4.714754 1.215161 -2.932167 
8.195000 4.703390 1.205997 -2.940639 
8.200000 4.691933 1.196818 -2.948999 
8.205000 4.680384 1.187624 -2.957247 
8.210000 4.668742 1.178417 -2.965383 
8.215000 4.657009 1.169197 -2.973406 
8.220000 4.645184 1.159965 -2.981317 
8.225000 4.633268 1.150722 -2.989117 
8.230000 4.621261 1.141469 -2.996804 
8.235000 4.609164 1.132206 -3.004380 
8.240000 4.596977 1.122935 -3.011845 
8.245000 4.584700 1.113656 -3.019198 
8.250000 4.572334 1.104370 -3.026439 
8.255000 4.559879 1.095079 -3.033570 
8.260000 4.547335 1.085782 -3.040590 
8.265000 4.534704 1.076481 -3.047499 
8.270000 4.521984 1.067177 -3.054297 
8.275000 4.509177 1.057871 -3.060985 
8.280000 4.496283 1.048563 -3.067563 
8.285000 4.483302 1.039254 -3.074032 
8.290000 4.470234 1.029945 -3.080390 
8.295000 4.457081 1.020637 -3.086639 
8.300000 4.443842 1.011331 -3.092779 
8.305000 4.430517 1.002027 -3.098810 
8.310000 4.417108 0.992727 -3.104732 
8.315000 4.403614 0.983432 -3.110546 
8.320000 4.390036 0.974142 -3.116252 
8.325000 4.376374 0.964858 -3.121850 
8.330000 4.362629 0.955581 -3.127341 
8.335000 4.348800 0.946312 -3.132724 
8.340000 4.334889 0.937051 -3.138001 
8.345000 4.320895 0.927800 -3.143171 
8.350000 4.306820 0.918560 -3.148235 
8.355000 4.292662 0.909331 -3.153193 
8.360000 4.278424 0.900114 -3.158046 
8.365000 4.264104 0.890909 -3.162794 
8.370000 4.249704 0.881719 -3.167437 
8.375000 4.235223 0.872543 -3.171976 
8.380000 4.220663 0.863383 -3.176411 
8.385000 4.206024 0.854239 -3.180743 
8.390000 4.191305 0.845113 -3.184972 
8.395000 4.176507 0.836004 -3.189098 
8.400000 4.161631 0.826914 -3.193122 
8.405000 4.146677 0.817844 -3.197044 
8.410000 4.131645 0.808794 -3.200866 
8.415000 4.116536 0.799766 -3.204586 
8.420000 4.101351 0.790759 -3.208207 
8.425000 4.086088 0.781776 -3.211727 
8.430000 4.070749 0.772816 -3.215149 
8.435000 4.055335 0.763881 -3.218472 
8.440000 4.039845 0.754972 -3.221696 
8.445000 4.024280 0.746088 -3.224823 
8.450000 4.008640 0.737232 -3.227853 
8.455000 3.992925 0.728403 -3.230786 
8.460000 3.977137 0.719603 -3.233624 
8.465000 3.961275 0.710832 -3.236365 
8.470000 3.945340 0.702091 -3.239012 
8.475000 3.929332 0.693382 -3.241565 
8.480000 3.913251 0.684703 -3.244024 
8.485000 3.897098 0.676058 -3.246391 
8.490000 3.880873 0.667445 -3.248664 
8.495000 3.864577 0.658866 -3.250846 
8.500000 3.848210 0.650322 -3.252937 
8.505000 3.831772 0.641814 -3.254937 
8.510000 3.815263 0.633341 -3.256847 
8.515000 3.798685 0.624906 -3.258669 
8.520000 3.782037 0.616508 -3.260401 
8.525000 3.765320 0.608149 -3.262046 
8.530000 3.748533 0.599828 -3.263604 
8.535000 3.731679 0.591548 -3.265075 
8.540000 3.714756 0.583307 -3.266460 
8.545000 3.697765 0.575108 -3.267760 
8.550000 3.680707 0.566951 -3.268976 
8.555000 3.663582 0.558836 -3.270109 
8.560000 3.646390 0.550765 -3.271158 
8.565000 3.629132 0.542737 -3.272126 
8.570000 3.611807 0.534754 -3.273012 
8.575000 3.594418 0.526816 -3.273817 
8.580000 3.576963 0.518924 -3.274542 
8.585000 3.559443 0.511078 -3.275189 
8.590000 3.541859 0.503280 -3.275757 
8.595000 3.524210 0.495529 -3.276248 
8.600000 3.506498 0.487826 -3.276662 
8.605000 3.488722 0.480173 -3.277000 
8.610000 3.470884 0.472569 -3.277263 
8.615000 3.452983 0.465015 -3.277452 
8.620000 3.435019 0.457511 -3.277568 
8.625000 3.416994 0.450059 -3.277611 
8.630000 3.398907 0.442659 -3.277582 
8.635000 3.380759 0.435311 -3.277483 
8.640000 3.362550 0.428016 -3.277313 
8.645000 3.344281 0.420774 -3.277074 
8.650000 3.325952 0.413587 -3.276767 
8.655000 3.307563 0.406454 -3.276393 
8.660000 3.289115 0.399376 -3.275952 
8.665000 3.270607 0.392353 -3.275445 
8.670000 3.252042 0.385386 -3.274874 
8.675000 3.233418 0.378476 -3.274239 
8.680000 3.214736 0.371623 -3.273541 
8.685000 3.195997 0.364827 -3.272780 
8.690000 3.177201 0.358089 -3.271959 
8.695000 3.158348 0.351409 -3.271078 
8.700000 3.139439 0.344788 -3.270137 
8.705000 3.120474 0.338226 -3.269139 
8.710000 3.101453 0.331724 -3.268082 
8.715000 3.082377 0.325281 -3.266970 
8.720000 3.063247 0.318899 -3.265802 
8.725000 3.044061 0.312577 -3.264579 
8.730000 3.024822 0.306317 -3.263303 
8.735000 3.005529 0.300118 -3.261974 
8.740000 2.986183 0.293980 -3.260593 
8.745000 2.966784 0.287905 -3.259162 
8.750000 2.947332 0.281892 -3.257682 
8.755000 2.927828 0.275941 -3.256152 
8.760000 2.908273 0.270054 -3.254575 
8.765000 2.888665 0.264229 -3.252951 
8.770000 2.869007 0.258469 -3.251282 
8.775000 2.849298 0.252772 -3.249567 
8.780000 2.829539 0.247139 -3.247809 
8.785000 2.809730 0.241570 -3.246008 
8.790000 2.789871 0.236066 -3.244165 
8.795000 2.769963 0.230627 -3.242282 
8.800000 2.750006 0.225252 -3.240359 
8.805000 2.730001 0.219943 -3.238397 
8.810000 2.709948 0.214699 -3.236397 
8.815000 2.689847 0.209520 -3.234361 
8.820000 2.669699 0.204407 -3.232289 
8.825000 2.649504 0.199359 -3.230182 
8.830000 2.629263 0.194378 -3.228042 
8.835000 2.608975 0.189462 -3.225869 
8.840000 2.588641 0.184613 -3.223664 
8.845000 2.568263 0.179829 -3.221429 
8.850000 2.547839 0.175112 -3.219164 
8.855000 2.527370 0.170461 -3.216871 
8.860000 2.506857 0.165877 -3.214550 
8.865000 2.486301 0.161359 -3.212202 
8.870000 2.465701 0.156907 -3.209829 
8.875000 2.445057 0.152522 -3.207432 
8.880000 2.424371 0.148203 -3.205011 
8.885000 2.403643 0.143950 -3.202568 
8.890000 2.382873 0.139764 -3.200103 
8.895000 2.362061 0.135645 -3.197618 
8.900000 2.341208 0.131591 -3.195113 
8.905000 2.320314 0.127604 -3.192591 
8.910000 2.299380 0.123683 -3.190050 
8.915000 2.278405 0.119828 -3.187494 
8.920000 2.257391 0.116039 -3.184922 
8.925000 2.236338 0.112316 -3.182336 
8.930000 2.215246 0.108659 -3.179736 
8.935000 2.194115 0.105067 -3.177125 
8.940000 2.172946 0.101540 -3.174502 
8.945000 2.151739 0.098079 -3.171868 
8.950000 2.130495 0.094683 -3.169226 
8.955000 2.109214 0.091352 -3.166575 
8.960000 2.087897 0.088086 -3.163917 
8.965000 2.066543 0.084884 -3.161252 
8.970000 2.045153 0.081746 -3.158582 
8.975000 2.023728 0.078672 -3.155908 
8.980000 2.002268 0.075662 -3.153231 
8.985000 1.980773 0.072716 -3.150551 
8.990000 1.959244 0.069832 -3.147870 
8.995000 1.937681 0.067012 -3.145188 
9.000000 1.916084 0.064254 -3.142507 
9.005000 1.894454 0.061558 -3.139827 
9.010000 1.872792 0.058925 -3.137149 
9.015000 1.851097 0.056352 -3.134475 
9.020000 1.829370 0.053842 -3.131805 
9.025000 1.807611 0.051392 -3.129141 
9.030000 1.785822 0.049002 -3.126482 
9.035000 1.764001 0.046673 -3.123831 
9.040000 1.742150 0.044403 -3.121187 
9.045000 1.720269 0.042192 -3.118553 
9.050000 1.698358 0.040041 -3.115928 
9.055000 1.676419 0.037947 -3.113314 
9.060000 1.654450 0.035912 -3.110712 
9.065000 1.632452 0.033934 -3.108122 
9.070000 1.610427 0.032013 -3.105545 
9.075000 1.588374 0.030149 -3.102983 
9.080000 1.566293 0.028341 -3.100435 
9.085000 1.544186 0.026588 -3.097904 
9.090000 1.522052 0.024890 -3.095389 
9.095000 1.499891 0.023246 -3.092892 
9.100000 1.477705 0.021657 -3.090413 
9.105000 1.455494 0.020120 -3.087953 
9.110000 1.433258 0.018637 -3.085514 
9.115000 1.410996 0.017205 -3.083095 
9.120000 1.388711 0.015826 -3.080698 
9.125000 1.366402 0.014497 -3.078324 
9.130000 1.344069 0.013218 -3.075972 
9.135000 1.321714 0.011990 -3.073645 
9.140000 1.299335 0.010810 -3.071342 
9.145000 1.276935 0.009679 -3.069065 
9.150000 1.254512 0.008596 -3.066814 
9.155000 1.232068 0.007560 -3.064590 
9.160000 1.209603 0.006570 -3.062393 
9.165000 1.187117 0.005626 -3.060225 
9.170000 1.164611 0.004728 -3.058086 
9.175000 1.142085 0.003873 -3.055976 
9.180000 1.119539 0.003063 -3.053897 
9.185000 1.096974 0.002295 -3.051849 
9.190000 1.074391 0.001570 -3.049833 
9.195000 1.051788 0.000886 -3.047849 
9.200000 1.029168 0.000243 -3.045898 
9.205000 1.006531 -0.000360 -3.043981 
9.210000 0.983876 -0.000924 -3.042097 
9.215000 0.961204 -0.001449 -3.040249 
9.220000 0.938516 -0.001937 -3.038436 
9.225000 0.915812 -0.002388 -3.036659 
9.230000 0.893092 -0.002802 -3.034918 
9.235000 0.870357 -0.003182 -3.033215 
9.240000 0.847607 -0.003526 -3.031549 
9.245000 0.824842 -0.003838 -3.029921 
9.250000 0.802064 -0.004116 -3.028332 
9.255000 0.779271 -0.004362 -3.026781 
9.260000 0.756466 -0.004577 -3.025271 
9.265000 0.733647 -0.004762 -3.023800 
9.270000 0.710816 -0.004917 -3.022370 
9.275000 0.687973 -0.005044 -3.020981 
9.280000 0.665118 -0.005142 -3.019634 
9.285000 0.642252 -0.005214 -3.018328 
9.290000 0.619374 -0.005260 -3.017064 
9.295000 0.596487 -0.005281 -3.015843 
9.300000 0.573589 -0.005277 -3.014665 
9.305000 0.550681 -0.005250 -3.013530 
9.310000 0.527764 -0.005201 -3.012439 
9.315000 0.504837 -0.005130 -3.011392 
9.320000 0.481903 -0.005038 -3.010389 
9.325000 0.458960 -0.004927 -3.009431 
9.330000 0.436009 -0.004797 -3.008518 
9.335000 0.413051 -0.004649 -3.007650 
9.340000 0.390085 -0.004484 -3.006828 
9.345000 0.367113 -0.004303 -3.006051 
9.350000 0.344135 -0.004106 -3.005321 
9.355000 0.321151 -0.003896 -3.004637 
9.360000 0.298161 -0.003672 -3.003999 
9.365000 0.275167 -0.003436 -3.003407 
9.370000 0.252167 -0.003189 -3.002863 
9.375000 0.229164 -0.002931 -3.002365 
9.380000 0.206156 -0.002663 -3.001915 
9.385000 0.183145 -0.002387 -3.001512 
9.390000 0.160131 -0.002104 -3.001156 
9.395000 0.137114 -0.001814 -3.000848 
9.400000 0.114095 -0.001518 -3.000587 
9.405000 0.091074 -0.001217 -3.000374 
9.410000 0.068051 -0.000913 -3.000209 
9.415000 0.045027 -0.000605 -3.000091 
9.420000 0.022003 -0.000296 -3.000022 
9.425000 -0.001022 0.000014 -3.000000 
9.430000 -0.024048 0.000324 -3.000026 
9.435000 -0.047072 0.000633 -3.000100 
9.440000 -0.070096 0.000940 -3.000222 
9.445000 -0.093119 0.001244 -3.000391 
9.450000 -0.116140 0.001544 -3.000608 
9.455000 -0.139159 0.001840 -3.000873 
9.460000 -0.162175 0.002129 -3.001186 
9.465000 -0.185189 0.002412 -3.001546 
9.470000 -0.208200 0.002687 -3.001953 
9.475000 -0.231207 0.002954 -3.002408 
9.480000 -0.254210 0.003211 -3.002909 
9.485000 -0.277209 0.003458 -3.003458 
9.490000 -0.300204 0.003693 -3.004053 
9.495000 -0.323193 0.003915 -3.004695 
9.500000 -0.346176 0.004124 -3.005384 
9.505000 -0.369154 0.004319 -3.006119 
9.510000 -0.392125 0.004499 -3.006899 
9.515000 -0.415090 0.004663 -3.007726 
9.520000 -0.438048 0.004809 -3.008597 
9.525000 -0.460998 0.004938 -3.009515 
9.530000 -0.483940 0.005047 -3.010477 
9.535000 -0.506874 0.005137 -3.011483 
9.540000 -0.529799 0.005206 -3.012534 
9.545000 -0.552716 0.005254 -3.013629 
9.550000 -0.575623 0.005279 -3.014768 
9.555000 -0.598520 0.005280 -3.015950 
9.560000 -0.621407 0.005257 -3.017174 
9.565000 -0.644283 0.005209 -3.018442 
9.570000 -0.667148 0.005135 -3.019752 
9.575000 -0.690002 0.005033 -3.021103 
9.580000 -0.712844 0.004904 -3.022496 
9.585000 -0.735674 0.004747 -3.023929 
9.590000 -0.758492 0.004559 -3.025403 
9.595000 -0.781296 0.004341 -3.026918 
9.600000 -0.804087 0.004092 -3.028471 
9.605000 -0.826865 0.003811 -3.030064 
9.610000 -0.849628 0.003497 -3.031695 
9.615000 -0.872376 0.003149 -3.033365 
9.620000 -0.895110 0.002767 -3.035071 
9.625000 -0.917829 0.002349 -3.036815 
9.630000 -0.940532 0.001895 -3.038596 
9.635000 -0.963218 0.001404 -3.040412 
9.640000 -0.985889 0.000876 -3.042263 
9.645000 -1.008542 0.000308 -3.044150 
9.650000 -1.031178 -0.000298 -3.046070 
9.655000 -1.053797 -0.000945 -3.048024 
9.660000 -1.076397 -0.001632 -3.050011 
9.665000 -1.098979 -0.002362 -3.052030 
9.670000 -1.121542 -0.003133 -3.054081 
9.675000 -1.144086 -0.003947 -3.056162 
9.680000 -1.166611 -0.004806 -3.058275 
9.685000 -1.189115 -0.005708 -3.060416 
9.690000 -1.211599 -0.006656 -3.062587 
9.695000 -1.234063 -0.007650 -3.064786 
9.700000 -1.256505 -0.008690 -3.067013 
9.705000 -1.278925 -0.009778 -3.069266 
9.710000 -1.301324 -0.010913 -3.071546 
9.715000 -1.323700 -0.012097 -3.073851 
9.720000 -1.346054 -0.013330 -3.076180 
9.725000 -1.368384 -0.014613 -3.078534 
9.730000 -1.390691 -0.015946 -3.080910 
9.735000 -1.412975 -0.017330 -3.083309 
9.740000 -1.435233 -0.018766 -3.085730 
9.745000 -1.457468 -0.020255 -3.088171 
9.750000 -1.479677 -0.021796 -3.090632 
9.755000 -1.501861 -0.023390 -3.093113 
9.760000 -1.524019 -0.025038 -3.095612 
9.765000 -1.546150 -0.026741 -3.098128 
9.770000 -1.568255 -0.028499 -3.100661 
9.775000 -1.590333 -0.030312 -3.103210 
9.780000 -1.612384 -0.032182 -3.105773 
9.785000 -1.634407 -0.034108 -3.108351 
9.790000 -1.656402 -0.036091 -3.110942 
9.795000 -1.678368 -0.038131 -3.113546 
9.800000 -1.700306 -0.040229 -3.116161 
9.805000 -1.722214 -0.042386 -3.118787 
9.810000 -1.744092 -0.044602 -3.121422 
9.815000 -1.765940 -0.046877 -3.124066 
9.820000 -1.787758 -0.049212 -3.126718 
9.825000 -1.809545 -0.051607 -3.129377 
9.830000 -1.831301 -0.054062 -3.132042 
9.835000 -1.853025 -0.056578 -3.134712 
9.840000 -1.874717 -0.059156 -3.137387 
9.845000 -1.896377 -0.061795 -3.140065 
9.850000 -1.918003 -0.064496 -3.142745 
9.855000 -1.939597 -0.067260 -3.145426 
9.860000 -1.961157 -0.070086 -3.148108 
9.865000 -1.982683 -0.072975 -3.150789 
9.870000 -2.004175 -0.075927 -3.153469 
9.875000 -2.025632 -0.078943 -3.156146 
9.880000 -2.047054 -0.082022 -3.158820 
9.885000 -2.068441 -0.085165 -3.161489 
9.890000 -2.089791 -0.088373 -3.164153 
9.895000 -2.111106 -0.091645 -3.166811 
9.900000 -2.132384 -0.094982 -3.169461 
9.905000 -2.153624 -0.098384 -3.172103 
9.910000 -2.174828 -0.101851 -3.174735 
9.915000 -2.195993 -0.105383 -3.177357 
9.920000 -2.217121 -0.108981 -3.179968 
9.925000 -2.238209 -0.112644 -3.182566 
9.930000 -2.259259 -0.116373 -3.185151 
9.935000 -2.280270 -0.120168 -3.187722 
9.940000 -2.301241 -0.124029 -3.190277 
9.945000 -2.322171 -0.127955 -3.192815 
9.950000 -2.343062 -0.131948 -3.195337 
9.955000 -2.363911 -0.136008 -3.197839 
9.960000 -2.384719 -0.140133 -3.200323 
9.965000 -2.405486 -0.144325 -3.202786 
9.970000 -2.426210 -0.148584 -3.205227 
9.975000 -2.446893 -0.152908 -3.207646 
9.980000 -2.467532 -0.157300 -3.210041 
9.985000 -2.488128 -0.161757 -3.212412 
9.990000 -2.508681 -0.166281 -3.214757 
9.995000 -2.529190 -0.170872 -3.217076 
10.000000 -2.549654 -0.175528 -3.219367 
